13917,4.148973,0.000000,90.000000
13918,4.148973,0.000000,90.000000
14017,4.154252,0.000000,90.000000
14018,4.154252,0.000000,90.000000
14117,4.154252,0.000000,90.000000
14118,4.154252,0.000000,90.000000
14217,4.154252,0.000000,90.000000
14218,4.154252,0.000000,90.000000
14317,4.154252,0.000000,90.000000
14318,4.154252,0.000000,90.000000
14417,4.154252,0.000000,90.000000
14418,4.154252,0.000000,90.000000
14517,4.154252,0.000000,90.000000
14518,4.154252,0.000000,90.000000
14617,4.154252,0.000000,90.000000
14618,4.154252,0.000000,90.000000
14717,4.159531,0.000000,90.000000
14718,4.159531,0.000000,90.000000
14817,4.148973,0.000000,90.000000
14818,4.148973,0.000000,90.000000
14917,4.148973,0.000000,90.000000
14918,4.148973,0.000000,90.000000
15017,4.154252,0.000000,90.000000
15018,4.154252,0.000000,90.000000
15117,4.154252,0.000000,90.000000
15118,4.154252,0.000000,90.000000
15217,4.154252,0.000000,90.000000
15218,4.154252,0.000000,90.000000
15317,4.148973,0.000000,90.000000
15318,4.148973,0.000000,90.000000
15417,4.154252,0.000000,90.000000
15418,4.154252,0.000000,90.000000
15517,4.154252,0.000000,90.000000
15518,4.154252,0.000000,90.000000
15617,4.159531,0.000000,90.000000
15618,4.159531,0.000000,90.000000
15717,4.154252,0.000000,90.000000
15718,4.154252,0.000000,90.000000
15817,4.148973,0.000000,90.000000
15818,4.148973,0.000000,90.000000
15917,4.154252,0.000000,90.000000
15918,4.154252,0.000000,90.000000
16017,3.563050,0.000000,90.000000
16018,3.563050,0.000000,90.000000
16117,3.800586,0.000000,10.000000
16118,3.800586,0.000000,10.000000
16217,3.589443,0.000000,10.000000
16218,3.589443,0.000000,10.000000
16317,3.821701,0.000000,10.000000
16318,3.821701,0.000000,10.000000
16417,3.568329,0.000000,10.000000
16418,3.568329,0.000000,10.000000
16517,3.668622,0.000000,10.000000
16518,3.668622,0.000000,10.000000
16617,3.811144,0.000000,10.000000
16618,3.811144,0.000000,10.000000
16717,3.737243,0.000000,30.000000
16718,3.737243,0.000000,30.000000
16817,3.547214,0.000000,10.000000
16818,3.547214,0.000000,10.000000
16917,3.589443,0.000000,10.000000
16918,3.589443,0.000000,10.000000
17017,3.563050,0.000000,10.000000
17018,3.563050,0.000000,10.000000
17117,3.589443,0.000000,10.000000
17118,3.589443,0.000000,10.000000
17217,3.568329,0.000000,10.000000
17218,3.568329,0.000000,10.000000
17317,3.615836,0.000000,10.000000
17318,3.615836,0.000000,10.000000
17417,3.615836,0.000000,10.000000
17418,3.615836,0.000000,10.000000
17517,3.621114,0.000000,10.000000
17518,3.621114,0.000000,10.000000
17617,3.541935,0.000000,10.000000
17618,3.541935,0.000000,10.000000
17717,3.584164,0.000000,10.000000
17718,3.584164,0.000000,10.000000
17817,3.520821,0.000000,10.000000
17818,3.520821,0.000000,10.000000
17917,3.483871,0.000000,10.000000
17918,3.483871,0.000000,10.000000
18017,3.642229,0.000000,10.000000
18018,3.642229,0.000000,10.000000
18117,3.573607,0.000000,10.000000
18118,3.573607,0.000000,10.000000
18217,3.531378,0.000000,10.000000
18218,3.531378,0.000000,10.000000
18317,3.504985,0.000000,10.000000
18318,3.504985,0.000000,10.000000
18417,3.494428,0.000000,10.000000
18418,3.494428,0.000000,10.000000
18517,3.568329,0.000000,10.000000
18518,3.568329,0.000000,10.000000
18617,3.600000,0.000000,10.000000
18618,3.600000,0.000000,10.000000
18717,3.578886,0.000000,10.000000
18718,3.578886,0.000000,10.000000
18817,3.589443,0.000000,10.000000
18818,3.589443,0.000000,10.000000
18917,3.615836,0.000000,10.000000
18918,3.615836,0.000000,10.000000
19017,3.647507,0.000000,10.000000
19018,3.647507,0.000000,10.000000
19117,3.652786,0.000000,10.000000
19118,3.652786,0.000000,10.000000
19217,3.626393,0.000000,10.000000
19218,3.626393,0.000000,10.000000
19317,3.594722,0.000000,10.000000
19318,3.594722,0.000000,10.000000
19417,3.594722,0.000000,10.000000
19418,3.594722,0.000000,10.000000
19517,3.600000,0.000000,10.000000
19518,3.600000,0.000000,10.000000
19617,3.600000,0.000000,10.000000
19618,3.600000,0.000000,10.000000
19717,3.584164,0.000000,10.000000
19718,3.584164,0.000000,10.000000
19817,3.589443,0.000000,10.000000
19818,3.589443,0.000000,10.000000
19917,3.600000,0.000000,10.000000
19918,3.600000,0.000000,10.000000
20017,3.615836,0.000000,10.000000
20018,3.610557,0.000000,10.000000
20117,3.605279,0.000000,10.000000
20118,3.600000,0.000000,10.000000
20217,3.594722,0.000000,10.000000
20218,3.600000,0.000000,10.000000
20317,3.605279,0.000000,10.000000
20318,3.605279,0.000000,10.000000
20417,3.610557,0.000000,10.000000
20418,3.615836,0.000000,10.000000
20517,3.600000,0.000000,10.000000
20518,3.600000,0.000000,10.000000
20617,3.584164,0.000000,10.000000
20618,3.584164,0.000000,10.000000
20717,3.573607,0.000000,10.000000
20718,3.568329,0.000000,10.000000
20817,3.563050,0.000000,10.000000
20818,3.563050,0.000000,10.000000
20917,3.557771,0.000000,10.000000
20918,3.552493,0.000000,10.000000
21017,3.552493,0.000000,10.000000
21018,3.552493,0.000000,10.000000
21117,3.510264,0.000000,10.000000
21118,3.510264,0.000000,10.000000
21217,3.504985,0.000000,10.000000
21218,3.504985,0.000000,10.000000
21317,3.526100,0.000000,10.000000
21318,3.526100,0.000000,10.000000
21417,3.563050,0.000000,10.000000
21418,3.563050,0.000000,10.000000
21517,3.600000,0.000000,10.000000
21518,3.600000,0.000000,10.000000
21617,3.605279,0.000000,10.000000
21618,3.605279,0.000000,10.000000
21717,3.578886,0.000000,10.000000
21718,3.578886,0.000000,10.000000
21817,3.573607,0.000000,10.000000
21818,3.573607,0.000000,10.000000
21917,3.573607,0.000000,10.000000
21918,3.573607,0.000000,10.000000
22017,3.547214,0.000000,10.000000
22018,3.547214,0.000000,10.000000
22117,3.541935,0.000000,10.000000
22118,3.541935,0.000000,10.000000
22217,3.557771,0.000000,10.000000
22218,3.557771,0.000000,10.000000
22317,3.563050,0.000000,10.000000
22318,3.563050,0.000000,10.000000
22417,3.578886,0.000000,10.000000
22418,3.578886,0.000000,10.000000
22517,3.557771,0.000000,10.000000
22518,3.557771,0.000000,10.000000
22617,3.573607,0.000000,10.000000
22618,3.573607,0.000000,10.000000
22717,3.520821,0.000000,10.000000
22718,3.520821,0.000000,10.000000
22817,3.520821,0.000000,10.000000
22818,3.520821,0.000000,10.000000
22917,3.557771,0.000000,10.000000
22918,3.557771,0.000000,10.000000
23017,3.578886,0.000000,10.000000
23018,3.578886,0.000000,10.000000
23117,3.515543,0.000000,10.000000
23118,3.515543,0.000000,10.000000
23217,3.557771,0.000000,10.000000
23218,3.557771,0.000000,10.000000
23317,3.483871,0.000000,10.000000
23318,3.483871,0.000000,10.000000
23417,3.526100,0.000000,10.000000
23418,3.526100,0.000000,10.000000
23517,3.557771,0.000000,10.000000
23518,3.557771,0.000000,10.000000
23617,3.573607,0.000000,10.000000
23618,3.573607,0.000000,10.000000
23717,3.584164,0.000000,10.000000
23718,3.584164,0.000000,10.000000
23817,3.600000,0.000000,10.000000
23818,3.600000,0.000000,10.000000
23917,3.594722,0.000000,10.000000
23918,3.594722,0.000000,10.000000
24017,3.584164,0.000000,10.000000
24018,3.584164,0.000000,10.000000
24117,3.584164,0.000000,10.000000
24118,3.584164,0.000000,10.000000
24217,3.584164,0.000000,10.000000
24218,3.584164,0.000000,10.000000
24317,3.594722,0.000000,10.000000
24318,3.594722,0.000000,10.000000
24417,3.584164,0.000000,10.000000
24418,3.584164,0.000000,10.000000
24517,3.584164,0.000000,10.000000
24518,3.584164,0.000000,10.000000
24617,3.594722,0.000000,10.000000
24618,3.594722,0.000000,10.000000
24717,3.589443,0.000000,10.000000
24718,3.589443,0.000000,10.000000
24817,3.605279,0.000000,10.000000
24818,3.605279,0.000000,10.000000
24917,3.605279,0.000000,10.000000
24918,3.605279,0.000000,10.000000
25017,3.605279,0.000000,10.000000
25018,3.605279,0.000000,10.000000
25117,3.605279,0.000000,10.000000
25118,3.605279,0.000000,10.000000
25217,3.589443,0.000000,10.000000
25218,3.589443,0.000000,10.000000
25317,3.589443,0.000000,10.000000
25318,3.589443,0.000000,10.000000
25417,3.568329,0.000000,10.000000
25418,3.568329,0.000000,10.000000
25517,3.573607,0.000000,10.000000
25518,3.573607,0.000000,10.000000
25617,3.573607,0.000000,10.000000
25618,3.573607,0.000000,10.000000
25717,3.594722,0.000000,10.000000
25718,3.594722,0.000000,10.000000
25817,3.605279,0.000000,10.000000
25818,3.605279,0.000000,10.000000
25917,3.605279,0.000000,10.000000
25918,3.605279,0.000000,10.000000
26017,3.594722,0.000000,10.000000
26018,3.594722,0.000000,10.000000
26117,3.578886,0.000000,10.000000
26118,3.578886,0.000000,10.000000
26217,3.600000,0.000000,10.000000
26218,3.600000,0.000000,10.000000
26317,3.600000,0.000000,10.000000
26318,3.600000,0.000000,10.000000
26417,3.594722,0.000000,10.000000
26418,3.594722,0.000000,10.000000
26517,3.594722,0.000000,10.000000
26518,3.594722,0.000000,10.000000
26617,3.605279,0.000000,10.000000
26618,3.605279,0.000000,10.000000
26717,3.615836,0.000000,10.000000
26718,3.615836,0.000000,10.000000
26817,3.610557,0.000000,10.000000
26818,3.610557,0.000000,10.000000
26917,3.610557,0.000000,10.000000
26918,3.610557,0.000000,10.000000
27017,3.605279,0.000000,10.000000
27018,3.605279,0.000000,10.000000
27117,3.594722,0.000000,10.000000
27118,3.594722,0.000000,10.000000
27217,3.589443,0.000000,10.000000
27218,3.589443,0.000000,10.000000
27317,3.568329,0.000000,10.000000
27318,3.568329,0.000000,10.000000
27417,3.557771,0.000000,10.000000
27418,3.557771,0.000000,10.000000
27517,3.568329,0.000000,10.000000
27518,3.568329,0.000000,10.000000
27617,3.600000,0.000000,10.000000
27618,3.600000,0.000000,10.000000
27717,3.600000,0.000000,10.000000
27718,3.600000,0.000000,10.000000
27817,3.594722,0.000000,10.000000
27818,3.594722,0.000000,10.000000
27917,3.578886,0.000000,10.000000
27918,3.578886,0.000000,10.000000
28017,3.584164,0.000000,10.000000
28018,3.584164,0.000000,10.000000
28117,3.589443,0.000000,10.000000
28118,3.589443,0.000000,10.000000
28217,3.584164,0.000000,10.000000
28218,3.584164,0.000000,10.000000
28317,3.557771,0.000000,10.000000
28318,3.557771,0.000000,10.000000
28417,3.531378,0.000000,10.000000
28418,3.531378,0.000000,10.000000
28517,3.510264,0.000000,10.000000
28518,3.510264,0.000000,10.000000
28617,3.515543,0.000000,10.000000
28618,3.515543,0.000000,10.000000
28717,3.499707,0.000000,10.000000
28718,3.499707,0.000000,10.000000
28817,3.489150,0.000000,10.000000
28818,3.489150,0.000000,10.000000
28917,3.473314,0.000000,10.000000
28918,3.473314,0.000000,10.000000
29017,3.552493,0.000000,10.000000
29018,3.552493,0.000000,10.000000
29117,3.541935,0.000000,10.000000
29118,3.541935,0.000000,10.000000
29217,3.531378,0.000000,10.000000
29218,3.531378,0.000000,10.000000
29317,3.531378,0.000000,10.000000
29318,3.531378,0.000000,10.000000
29417,3.520821,0.000000,10.000000
29418,3.520821,0.000000,10.000000
29517,3.499707,0.000000,10.000000
29518,3.499707,0.000000,10.000000
29617,3.494428,0.000000,10.000000
29618,3.494428,0.000000,10.000000
29717,3.499707,0.000000,10.000000
29718,3.499707,0.000000,10.000000
29817,3.489150,0.000000,10.000000
29818,3.489150,0.000000,10.000000
29917,3.468035,0.000000,10.000000
29918,3.468035,0.000000,10.000000
30017,3.515543,0.000000,10.000000
30018,3.515543,0.000000,10.000000
30117,3.431085,0.000000,10.000000
30118,3.404692,0.000000,10.000000
30217,3.441642,0.000000,10.000000
30218,3.452199,0.000000,10.000000
30317,3.520821,0.000000,10.000000
30318,3.520821,0.000000,10.000000
30417,3.415249,0.000000,10.000000
30418,3.415249,0.000000,10.000000
30517,3.404692,0.000000,10.000000
30518,3.404692,0.000000,10.000000
30617,3.436364,0.000000,10.000000
30618,3.436364,0.000000,10.000000
30717,3.494428,0.000000,10.000000
30718,3.489150,0.000000,10.000000
30817,3.446921,0.000000,10.000000
30818,3.468035,0.000000,10.000000
30917,3.547214,0.000000,10.000000
30918,3.547214,0.000000,10.000000
31017,3.547214,0.000000,10.000000
31018,3.547214,0.000000,10.000000
31117,3.547214,0.000000,10.000000
31118,3.547214,0.000000,10.000000
31217,3.515543,0.000000,10.000000
31218,3.515543,0.000000,10.000000
31317,3.504985,0.000000,10.000000
31318,3.504985,0.000000,10.000000
31417,3.399414,0.000000,10.000000
31418,3.399414,0.000000,10.000000
31517,3.404692,0.000000,10.000000
31518,3.404692,0.000000,10.000000
31617,3.504985,0.000000,10.000000
31618,3.504985,0.000000,10.000000
31717,3.526100,0.000000,10.000000
31718,3.526100,0.000000,10.000000
31817,3.504985,0.000000,10.000000
31818,3.504985,0.000000,10.000000
31917,3.510264,0.000000,10.000000
31918,3.510264,0.000000,10.000000
32017,3.515543,0.000000,10.000000
32018,3.515543,0.000000,10.000000
32117,3.504985,0.000000,10.000000
32118,3.504985,0.000000,10.000000
32217,3.478592,0.000000,10.000000
32218,3.478592,0.000000,10.000000
32317,3.515543,0.000000,10.000000
32318,3.515543,0.000000,10.000000
32417,3.526100,0.000000,10.000000
32418,3.526100,0.000000,10.000000
32517,3.494428,0.000000,10.000000
32518,3.494428,0.000000,10.000000
32617,3.483871,0.000000,10.000000
32618,3.483871,0.000000,10.000000
32717,3.504985,0.000000,10.000000
32718,3.504985,0.000000,10.000000
32817,3.483871,0.000000,10.000000
32818,3.483871,0.000000,10.000000
32917,3.409971,0.000000,10.000000
32918,3.409971,0.000000,10.000000
33017,3.415249,0.000000,10.000000
33018,3.415249,0.000000,10.000000
33117,3.536657,0.000000,10.000000
33118,3.536657,0.000000,10.000000
33217,3.541935,0.000000,10.000000
33218,3.541935,0.000000,10.000000
33317,3.541935,0.000000,10.000000
33318,3.541935,0.000000,10.000000
33417,3.552493,0.000000,10.000000
33418,3.552493,0.000000,10.000000
33517,3.557771,0.000000,10.000000
33518,3.557771,0.000000,10.000000
33617,3.563050,0.000000,10.000000
33618,3.563050,0.000000,10.000000
33717,3.515543,0.000000,10.000000
33718,3.515543,0.000000,10.000000
33817,3.404692,0.000000,10.000000
33818,3.404692,0.000000,10.000000
33917,3.489150,0.000000,10.000000
33918,3.489150,0.000000,10.000000
34017,3.420528,0.000000,10.000000
34018,3.420528,0.000000,10.000000
34117,3.499707,0.000000,10.000000
34118,3.499707,0.000000,10.000000
34217,3.489150,0.000000,10.000000
34218,3.489150,0.000000,10.000000
34317,3.388856,0.000000,10.000000
34318,3.388856,0.000000,10.000000
34417,3.536657,0.000000,10.000000
34418,3.536657,0.000000,10.000000
34517,3.552493,0.000000,10.000000
34518,3.552493,0.000000,10.000000
34617,3.563050,0.000000,10.000000
34618,3.563050,0.000000,10.000000
34717,3.483871,0.000000,10.000000
34718,3.483871,0.000000,10.000000
34817,3.383578,0.000000,10.000000
34818,3.383578,0.000000,10.000000
34917,3.504985,0.000000,10.000000
34918,3.504985,0.000000,10.000000
35017,3.457478,0.000000,10.000000
35018,3.457478,0.000000,10.000000
35117,3.383578,0.000000,10.000000
35118,3.383578,0.000000,10.000000
35217,3.536657,0.000000,10.000000
35218,3.536657,0.000000,10.000000
35317,3.378299,0.000000,10.000000
35318,3.378299,0.000000,10.000000
35417,3.499707,0.000000,10.000000
35418,3.499707,0.000000,10.000000
35517,3.425807,0.000000,10.000000
35518,3.425807,0.000000,10.000000
35617,3.367742,0.000000,10.000000
35618,3.367742,0.000000,10.000000
35717,3.420528,0.000000,10.000000
35718,3.420528,0.000000,10.000000
35817,3.357185,0.000000,10.000000
35818,3.357185,0.000000,10.000000
35917,3.378299,0.000000,10.000000
35918,3.378299,0.000000,10.000000
36017,3.362463,0.000000,10.000000
36018,3.362463,0.000000,10.000000
36117,3.425807,0.000000,10.000000
36118,3.425807,0.000000,10.000000
36217,3.510264,0.000000,10.000000
36218,3.510264,0.000000,10.000000
36317,3.510264,0.000000,10.000000
36318,3.510264,0.000000,10.000000
36417,3.494428,0.000000,10.000000
36418,3.494428,0.000000,10.000000
36517,3.515543,0.000000,10.000000
36518,3.515543,0.000000,10.000000
36617,3.526100,0.000000,10.000000
36618,3.526100,0.000000,10.000000
36717,3.515543,0.000000,10.000000
36718,3.515543,0.000000,10.000000
36817,3.515543,0.000000,10.000000
36818,3.515543,0.000000,10.000000
36917,3.520821,0.000000,10.000000
36918,3.520821,0.000000,10.000000
37017,3.510264,0.000000,10.000000
37018,3.510264,0.000000,10.000000
37117,3.499707,0.000000,10.000000
37118,3.499707,0.000000,10.000000
37217,3.504985,0.000000,10.000000
37218,3.504985,0.000000,10.000000
37317,3.520821,0.000000,10.000000
37318,3.520821,0.000000,10.000000
37417,3.520821,0.000000,10.000000
37418,3.520821,0.000000,10.000000
37517,3.473314,0.000000,10.000000
37518,3.473314,0.000000,10.000000
37617,3.462757,0.000000,10.000000
37618,3.462757,0.000000,10.000000
37717,3.457478,0.000000,10.000000
37718,3.457478,0.000000,10.000000
37817,3.436364,0.000000,10.000000
37818,3.436364,0.000000,10.000000
37917,3.373021,0.000000,10.000000
37918,3.373021,0.000000,10.000000
38017,3.520821,0.000000,10.000000
38018,3.520821,0.000000,10.000000
38117,3.557771,0.000000,10.000000
38118,3.557771,0.000000,10.000000
38217,3.446921,0.000000,10.000000
38218,3.446921,0.000000,10.000000
38317,3.388856,0.000000,10.000000
38318,3.388856,0.000000,10.000000
38417,3.478592,0.000000,10.000000
38418,3.478592,0.000000,10.000000
38517,3.478592,0.000000,10.000000
38518,3.478592,0.000000,10.000000
38617,3.404692,0.000000,10.000000
38618,3.404692,0.000000,10.000000
38717,3.520821,0.000000,10.000000
38718,3.520821,0.000000,10.000000
38817,3.573607,0.000000,10.000000
38818,3.573607,0.000000,10.000000
38917,3.568329,0.000000,10.000000
38918,3.568329,0.000000,10.000000
39017,3.557771,0.000000,10.000000
39018,3.557771,0.000000,10.000000
39117,3.494428,0.000000,10.000000
39118,3.494428,0.000000,10.000000
39217,3.468035,0.000000,10.000000
39218,3.468035,0.000000,10.000000
39317,3.452199,0.000000,10.000000
39318,3.452199,0.000000,10.000000
39417,3.457478,0.000000,10.000000
39418,3.457478,0.000000,10.000000
39517,3.457478,0.000000,10.000000
39518,3.446921,0.000000,10.000000
39617,3.420528,0.000000,10.000000
39618,3.420528,0.000000,10.000000
39717,3.431085,0.000000,10.000000
39718,3.431085,0.000000,10.000000
39817,3.526100,0.000000,10.000000
39818,3.526100,0.000000,10.000000
39917,3.568329,0.000000,10.000000
39918,3.568329,0.000000,10.000000
40017,3.526100,0.000000,10.000000
40018,3.526100,0.000000,10.000000
40117,3.436364,0.000000,10.000000
40118,3.436364,0.000000,10.000000
40217,3.404692,0.000000,10.000000
40218,3.373021,0.000000,10.000000
40317,3.526100,0.000000,10.000000
40318,3.526100,0.000000,10.000000
40417,3.552493,0.000000,10.000000
40418,3.552493,0.000000,10.000000
40517,3.552493,0.000000,10.000000
40518,3.552493,0.000000,10.000000
40617,3.504985,0.000000,10.000000
40618,3.499707,0.000000,10.000000
40717,3.452199,0.000000,10.000000
40718,3.446921,0.000000,10.000000
40817,3.446921,0.000000,10.000000
40818,3.441642,0.000000,10.000000
40917,3.425807,0.000000,10.000000
40918,3.420528,0.000000,10.000000
41017,3.441642,0.000000,10.000000
41018,3.431085,0.000000,10.000000
41117,3.436364,0.000000,10.000000
41118,3.436364,0.000000,10.000000
41217,3.362463,0.000000,10.000000
41218,3.362463,0.000000,10.000000
41317,3.563050,0.000000,10.000000
41318,3.563050,0.000000,10.000000
41417,3.536657,0.000000,10.000000
41418,3.536657,0.000000,10.000000
41517,3.425807,0.000000,10.000000
41518,3.425807,0.000000,10.000000
41617,3.394135,0.000000,10.000000
41618,3.394135,0.000000,10.000000
41717,3.452199,0.000000,10.000000
41718,3.452199,0.000000,10.000000
41817,3.367742,0.000000,10.000000
41818,3.367742,0.000000,10.000000
41917,3.526100,0.000000,10.000000
41918,3.526100,0.000000,10.000000
42017,3.536657,0.000000,10.000000
42018,3.536657,0.000000,10.000000
42117,3.420528,0.000000,10.000000
42118,3.420528,0.000000,10.000000
42217,3.420528,0.000000,10.000000
42218,3.420528,0.000000,10.000000
42317,3.452199,0.000000,10.000000
42318,3.452199,0.000000,10.000000
42417,3.388856,0.000000,10.000000
42418,3.388856,0.000000,10.000000
42517,3.373021,0.000000,10.000000
42518,3.373021,0.000000,10.000000
42617,3.462757,0.000000,10.000000
42618,3.462757,0.000000,10.000000
42717,3.420528,0.000000,10.000000
42718,3.420528,0.000000,10.000000
42817,3.404692,0.000000,10.000000
42818,3.404692,0.000000,10.000000
42917,3.425807,0.000000,10.000000
42918,3.425807,0.000000,10.000000
43017,3.388856,0.000000,10.000000
43018,3.388856,0.000000,10.000000
43117,3.510264,0.000000,10.000000
43118,3.510264,0.000000,10.000000
43217,3.388856,0.000000,10.000000
43218,3.388856,0.000000,10.000000
43317,3.452199,0.000000,10.000000
43318,3.452199,0.000000,10.000000
43417,3.330792,0.000000,10.000000
43418,3.330792,0.000000,10.000000
43517,3.510264,0.000000,10.000000
43518,3.510264,0.000000,10.000000
43617,3.388856,0.000000,10.000000
43618,3.388856,0.000000,10.000000
43717,3.515543,0.000000,10.000000
43718,3.515543,0.000000,10.000000
43817,3.504985,0.000000,10.000000
43818,3.504985,0.000000,10.000000
43917,3.409971,0.000000,10.000000
43918,3.409971,0.000000,10.000000
44017,3.425807,0.000000,10.000000
44018,3.425807,0.000000,10.000000
44117,3.409971,0.000000,10.000000
44118,3.409971,0.000000,10.000000
44217,3.351906,0.000000,10.000000
44218,3.351906,0.000000,10.000000
44317,3.494428,0.000000,10.000000
44318,3.494428,0.000000,10.000000
44417,3.420528,0.000000,10.000000
44418,3.420528,0.000000,10.000000
44517,3.341349,0.000000,10.000000
44518,3.341349,0.000000,10.000000
44617,3.510264,0.000000,10.000000
44618,3.510264,0.000000,10.000000
44717,3.504985,0.000000,10.000000
44718,3.504985,0.000000,10.000000
44817,3.415249,0.000000,10.000000
44818,3.415249,0.000000,10.000000
44917,3.399414,0.000000,10.000000
44918,3.399414,0.000000,10.000000
45017,3.526100,0.000000,10.000000
45018,3.526100,0.000000,10.000000
45117,3.425807,0.000000,10.000000
45118,3.425807,0.000000,10.000000
45217,3.420528,0.000000,10.000000
45218,3.420528,0.000000,10.000000
45317,3.478592,0.000000,10.000000
45318,3.478592,0.000000,10.000000
45417,3.499707,0.000000,10.000000
45418,3.499707,0.000000,10.000000
45517,3.346628,0.000000,10.000000
45518,3.346628,0.000000,10.000000
45617,3.441642,0.000000,10.000000
45618,3.441642,0.000000,10.000000
45717,3.504985,0.000000,10.000000
45718,3.504985,0.000000,10.000000
45817,3.399414,0.000000,10.000000
45818,3.399414,0.000000,10.000000
45917,3.404692,0.000000,10.000000
45918,3.404692,0.000000,10.000000
46017,3.351906,0.000000,10.000000
46018,3.351906,0.000000,10.000000
46117,3.526100,0.000000,10.000000
46118,3.526100,0.000000,10.000000
46217,3.420528,0.000000,10.000000
46218,3.420528,0.000000,10.000000
46317,3.399414,0.000000,10.000000
46318,3.399414,0.000000,10.000000
46417,3.436364,0.000000,10.000000
46418,3.436364,0.000000,10.000000
46517,3.399414,0.000000,10.000000
46518,3.399414,0.000000,10.000000
46617,3.362463,0.000000,10.000000
46618,3.362463,0.000000,10.000000
46717,3.336071,0.000000,10.000000
46718,3.336071,0.000000,10.000000
46817,3.420528,0.000000,10.000000
46818,3.420528,0.000000,10.000000
46917,3.436364,0.000000,10.000000
46918,3.436364,0.000000,10.000000
47017,3.462757,0.000000,10.000000
47018,3.462757,0.000000,10.000000
47117,3.441642,0.000000,10.000000
47118,3.441642,0.000000,10.000000
47217,3.415249,0.000000,10.000000
47218,3.415249,0.000000,10.000000
47317,3.378299,0.000000,10.000000
47318,3.378299,0.000000,10.000000
47417,3.383578,0.000000,10.000000
47418,3.383578,0.000000,10.000000
47517,3.346628,0.000000,10.000000
47518,3.346628,0.000000,10.000000
47617,3.388856,0.000000,10.000000
47618,3.388856,0.000000,10.000000
47717,3.357185,0.000000,10.000000
47718,3.357185,0.000000,10.000000
47817,3.367742,0.000000,10.000000
47818,3.367742,0.000000,10.000000
47917,3.404692,0.000000,10.000000
47918,3.404692,0.000000,10.000000
48017,3.388856,0.000000,10.000000
48018,3.388856,0.000000,10.000000
48117,3.373021,0.000000,10.000000
48118,3.373021,0.000000,10.000000
48217,3.362463,0.000000,10.000000
48218,3.362463,0.000000,10.000000
48317,3.346628,0.000000,10.000000
48318,3.346628,0.000000,10.000000
48417,3.362463,0.000000,10.000000
48418,3.362463,0.000000,10.000000
48517,3.367742,0.000000,10.000000
48518,3.367742,0.000000,10.000000
48617,3.399414,0.000000,10.000000
48618,3.399414,0.000000,10.000000
48717,3.367742,0.000000,10.000000
48718,3.367742,0.000000,10.000000
48817,3.357185,0.000000,10.000000
48818,3.357185,0.000000,10.000000
48917,3.373021,0.000000,10.000000
48918,3.373021,0.000000,10.000000
49017,3.378299,0.000000,10.000000
49018,3.378299,0.000000,10.000000
49117,3.388856,0.000000,10.000000
49118,3.388856,0.000000,10.000000
49217,3.373021,0.000000,10.000000
49218,3.373021,0.000000,10.000000
49317,3.367742,0.000000,10.000000
49318,3.367742,0.000000,10.000000
49417,3.357185,0.000000,10.000000
49418,3.357185,0.000000,10.000000
49517,3.378299,0.000000,10.000000
49518,3.378299,0.000000,10.000000
49617,3.373021,0.000000,10.000000
49618,3.373021,0.000000,10.000000
49717,3.383578,0.000000,10.000000
49718,3.383578,0.000000,10.000000
49817,3.373021,0.000000,10.000000
49818,3.373021,0.000000,10.000000
49917,3.399414,0.000000,10.000000
49918,3.399414,0.000000,10.000000
50017,3.383578,0.000000,10.000000
50018,3.383578,0.000000,10.000000
50117,3.431085,0.000000,10.000000
50118,3.431085,0.000000,10.000000
50217,3.425807,0.000000,10.000000
50218,3.425807,0.000000,10.000000
50317,3.441642,0.000000,10.000000
50318,3.441642,0.000000,10.000000
50417,3.415249,0.000000,10.000000
50418,3.415249,0.000000,10.000000
50517,3.415249,0.000000,10.000000
50518,3.415249,0.000000,10.000000
50617,3.431085,0.000000,10.000000
50618,3.431085,0.000000,10.000000
50717,3.404692,0.000000,10.000000
50718,3.394135,0.000000,10.000000
50817,3.394135,0.000000,10.000000
50818,3.394135,0.000000,10.000000
50917,3.436364,0.000000,10.000000
50918,3.436364,0.000000,10.000000
51017,3.394135,0.000000,10.000000
51018,3.388856,0.000000,10.000000
51117,3.431085,0.000000,10.000000
51118,3.415249,0.000000,10.000000
51217,3.436364,0.000000,10.000000
51218,3.436364,0.000000,10.000000
51317,3.425807,0.000000,10.000000
51318,3.436364,0.000000,10.000000
51417,3.415249,0.000000,10.000000
51418,3.415249,0.000000,10.000000
51517,3.436364,0.000000,10.000000
51518,3.436364,0.000000,10.000000
51617,3.399414,0.000000,10.000000
51618,3.399414,0.000000,10.000000
51717,3.394135,0.000000,10.000000
51718,3.394135,0.000000,10.000000
51817,3.378299,0.000000,10.000000
51818,3.378299,0.000000,10.000000
51917,3.394135,0.000000,10.000000
51918,3.394135,0.000000,10.000000
52017,3.383578,0.000000,10.000000
52018,3.383578,0.000000,10.000000
52117,3.383578,0.000000,10.000000
52118,3.383578,0.000000,10.000000
52217,3.425807,0.000000,10.000000
52218,3.425807,0.000000,10.000000
52317,3.404692,0.000000,10.000000
52318,3.404692,0.000000,10.000000
52417,3.388856,0.000000,10.000000
52418,3.388856,0.000000,10.000000
52517,3.399414,0.000000,10.000000
52518,3.399414,0.000000,10.000000
52617,3.394135,0.000000,10.000000
52618,3.394135,0.000000,10.000000
52717,3.388856,0.000000,10.000000
52718,3.388856,0.000000,10.000000
52817,3.394135,0.000000,10.000000
52818,3.394135,0.000000,10.000000
52917,3.378299,0.000000,10.000000
52918,3.378299,0.000000,10.000000
53017,3.383578,0.000000,10.000000
53018,3.383578,0.000000,10.000000
53117,3.378299,0.000000,10.000000
53118,3.378299,0.000000,10.000000
53217,3.367742,0.000000,10.000000
53218,3.367742,0.000000,10.000000
53317,3.378299,0.000000,10.000000
53318,3.378299,0.000000,10.000000
53417,3.404692,0.000000,10.000000
53418,3.404692,0.000000,10.000000
53517,3.378299,0.000000,10.000000
53518,3.378299,0.000000,10.000000
53617,3.373021,0.000000,10.000000
53618,3.373021,0.000000,10.000000
53717,3.388856,0.000000,10.000000
53718,3.388856,0.000000,10.000000
53817,3.383578,0.000000,10.000000
53818,3.383578,0.000000,10.000000
53917,3.399414,0.000000,10.000000
53918,3.399414,0.000000,10.000000
54017,3.394135,0.000000,10.000000
54018,3.394135,0.000000,10.000000
54117,3.388856,0.000000,10.000000
54118,3.388856,0.000000,10.000000
54217,3.378299,0.000000,10.000000
54218,3.378299,0.000000,10.000000
54317,3.346628,0.000000,10.000000
54318,3.346628,0.000000,10.000000
54417,3.351906,0.000000,10.000000
54418,3.351906,0.000000,10.000000
54517,3.357185,0.000000,10.000000
54518,3.357185,0.000000,10.000000
54617,3.388856,0.000000,10.000000
54618,3.388856,0.000000,10.000000
54717,3.362463,0.000000,10.000000
54718,3.362463,0.000000,10.000000
54817,3.330792,0.000000,10.000000
54818,3.330792,0.000000,10.000000
54917,3.399414,0.000000,10.000000
54918,3.399414,0.000000,10.000000
55017,3.357185,0.000000,10.000000
55018,3.357185,0.000000,10.000000
55117,3.373021,0.000000,10.000000
55118,3.373021,0.000000,10.000000
55217,3.373021,0.000000,10.000000
55218,3.373021,0.000000,10.000000
55317,3.373021,0.000000,10.000000
55318,3.373021,0.000000,10.000000
55417,3.304399,0.000000,10.000000
55418,3.304399,0.000000,10.000000
55517,3.320235,0.000000,10.000000
55518,3.320235,0.000000,10.000000
55617,3.278006,0.000000,10.000000
55618,3.278006,0.000000,10.000000
55717,3.272727,0.000000,10.000000
55718,3.272727,0.000000,10.000000
55817,3.272727,0.000000,10.000000
55818,3.272727,0.000000,10.000000
55917,3.278006,0.000000,10.000000
55918,3.278006,0.000000,10.000000
56017,3.283285,0.000000,10.000000
56018,3.283285,0.000000,10.000000
56117,3.457478,0.000000,10.000000
56118,3.457478,0.000000,10.000000
56217,3.489150,0.000000,10.000000
56218,3.489150,0.000000,10.000000
56317,3.489150,0.000000,10.000000
56318,3.489150,0.000000,10.000000
56417,3.489150,0.000000,10.000000
56418,3.489150,0.000000,10.000000
56517,3.489150,0.000000,10.000000
56518,3.489150,0.000000,10.000000
56617,3.478592,0.000000,10.000000
56618,3.478592,0.000000,10.000000
56717,3.473314,0.000000,10.000000
56718,3.473314,0.000000,10.000000
56817,3.473314,0.000000,10.000000
56818,3.473314,0.000000,10.000000
56917,3.483871,0.000000,10.000000
56918,3.483871,0.000000,10.000000
57017,3.483871,0.000000,10.000000
57018,3.483871,0.000000,10.000000
57117,3.494428,0.000000,10.000000
57118,3.494428,0.000000,10.000000
57217,3.483871,0.000000,10.000000
57218,3.483871,0.000000,10.000000
57317,3.489150,0.000000,10.000000
57318,3.489150,0.000000,10.000000
57417,3.494428,0.000000,10.000000
57418,3.494428,0.000000,10.000000
57517,3.494428,0.000000,10.000000
57518,3.494428,0.000000,10.000000
57617,3.489150,0.000000,10.000000
57618,3.489150,0.000000,10.000000
57717,3.483871,0.000000,10.000000
57718,3.483871,0.000000,10.000000
57817,3.478592,0.000000,10.000000
57818,3.478592,0.000000,10.000000
57917,3.473314,0.000000,10.000000
57918,3.473314,0.000000,10.000000
58017,3.489150,0.000000,10.000000
58018,3.489150,0.000000,10.000000
58117,3.499707,0.000000,10.000000
58118,3.499707,0.000000,10.000000
58217,3.494428,0.000000,10.000000
58218,3.494428,0.000000,10.000000
58317,3.494428,0.000000,10.000000
58318,3.494428,0.000000,10.000000
58417,3.504985,0.000000,10.000000
58418,3.504985,0.000000,10.000000
58517,3.499707,0.000000,10.000000
58518,3.499707,0.000000,10.000000
58617,3.489150,0.000000,10.000000
58618,3.489150,0.000000,10.000000
58717,3.483871,0.000000,10.000000
58718,3.483871,0.000000,10.000000
58817,3.494428,0.000000,10.000000
58818,3.494428,0.000000,10.000000
58917,3.489150,0.000000,10.000000
58918,3.489150,0.000000,10.000000
59017,3.483871,0.000000,10.000000
59018,3.483871,0.000000,10.000000
59117,3.499707,0.000000,10.000000
59118,3.499707,0.000000,10.000000
59217,3.499707,0.000000,10.000000
59218,3.499707,0.000000,10.000000
59317,3.494428,0.000000,10.000000
59318,3.494428,0.000000,10.000000
59417,3.483871,0.000000,10.000000
59418,3.483871,0.000000,10.000000
59517,3.473314,0.000000,10.000000
59518,3.473314,0.000000,10.000000
59617,3.473314,0.000000,10.000000
59618,3.473314,0.000000,10.000000
59717,3.504985,0.000000,10.000000
59718,3.504985,0.000000,10.000000
59817,3.499707,0.000000,10.000000
59818,3.499707,0.000000,10.000000
59917,3.499707,0.000000,10.000000
59918,3.499707,0.000000,10.000000
60017,3.489150,0.000000,10.000000
60018,3.489150,0.000000,10.000000
60117,3.478592,0.000000,10.000000
60118,3.478592,0.000000,10.000000
60217,3.478592,0.000000,10.000000
60218,3.478592,0.000000,10.000000
60317,3.489150,0.000000,10.000000
60318,3.489150,0.000000,10.000000
60417,3.483871,0.000000,10.000000
60418,3.483871,0.000000,10.000000
60517,3.499707,0.000000,10.000000
60518,3.499707,0.000000,10.000000
60617,3.494428,0.000000,10.000000
60618,3.494428,0.000000,10.000000
60717,3.494428,0.000000,10.000000
60718,3.494428,0.000000,10.000000
60817,3.478592,0.000000,10.000000
60818,3.478592,0.000000,10.000000
60917,3.483871,0.000000,10.000000
60918,3.489150,0.000000,10.000000
61017,3.478592,0.000000,10.000000
61018,3.489150,0.000000,10.000000
61117,3.489150,0.000000,10.000000
61118,3.494428,0.000000,10.000000
61217,3.494428,0.000000,10.000000
61218,3.489150,0.000000,10.000000
61317,3.489150,0.000000,10.000000
61318,3.489150,0.000000,10.000000
61417,3.494428,0.000000,10.000000
61418,3.494428,0.000000,10.000000
61517,3.473314,0.000000,10.000000
61518,3.478592,0.000000,10.000000
61617,3.483871,0.000000,10.000000
61618,3.483871,0.000000,10.000000
61717,3.489150,0.000000,10.000000
61718,3.489150,0.000000,10.000000
61817,3.483871,0.000000,10.000000
61818,3.483871,0.000000,10.000000
61917,3.483871,0.000000,10.000000
61918,3.483871,0.000000,10.000000
62017,3.489150,0.000000,10.000000
62018,3.489150,0.000000,10.000000
62117,3.489150,0.000000,10.000000
62118,3.489150,0.000000,10.000000
62217,3.494428,0.000000,10.000000
62218,3.494428,0.000000,10.000000
62317,3.483871,0.000000,10.000000
62318,3.483871,0.000000,10.000000
62417,3.483871,0.000000,10.000000
62418,3.483871,0.000000,10.000000
62517,3.478592,0.000000,10.000000
62518,3.478592,0.000000,10.000000
62617,3.483871,0.000000,10.000000
62618,3.483871,0.000000,10.000000
62717,3.499707,0.000000,10.000000
62718,3.499707,0.000000,10.000000
62817,3.489150,0.000000,10.000000
62818,3.489150,0.000000,10.000000
62917,3.483871,0.000000,10.000000
62918,3.483871,0.000000,10.000000
63017,3.473314,0.000000,10.000000
63018,3.473314,0.000000,10.000000
63117,3.489150,0.000000,10.000000
63118,3.489150,0.000000,10.000000
63217,3.478592,0.000000,10.000000
63218,3.478592,0.000000,10.000000
63317,3.473314,0.000000,10.000000
63318,3.473314,0.000000,10.000000
63417,3.483871,0.000000,10.000000
63418,3.483871,0.000000,10.000000
63517,3.483871,0.000000,10.000000
63518,3.483871,0.000000,10.000000
63617,3.483871,0.000000,10.000000
63618,3.483871,0.000000,10.000000
63717,3.483871,0.000000,10.000000
63718,3.483871,0.000000,10.000000
63817,3.483871,0.000000,10.000000
63818,3.483871,0.000000,10.000000
63917,3.489150,0.000000,10.000000
63918,3.489150,0.000000,10.000000
64017,3.478592,0.000000,10.000000
64018,3.478592,0.000000,10.000000
64117,3.473314,0.000000,10.000000
64118,3.473314,0.000000,10.000000
64217,3.468035,0.000000,10.000000
64218,3.468035,0.000000,10.000000
64317,3.489150,0.000000,10.000000
64318,3.489150,0.000000,10.000000
64417,3.483871,0.000000,10.000000
64418,3.483871,0.000000,10.000000
64517,3.489150,0.000000,10.000000
64518,3.489150,0.000000,10.000000
64617,3.483871,0.000000,10.000000
64618,3.483871,0.000000,10.000000
64717,3.473314,0.000000,10.000000
64718,3.473314,0.000000,10.000000
64817,3.483871,0.000000,10.000000
64818,3.483871,0.000000,10.000000
64917,3.483871,0.000000,10.000000
64918,3.483871,0.000000,10.000000
65017,3.483871,0.000000,10.000000
65018,3.483871,0.000000,10.000000
65117,3.478592,0.000000,10.000000
65118,3.478592,0.000000,10.000000
65217,3.483871,0.000000,10.000000
65218,3.483871,0.000000,10.000000
65317,3.489150,0.000000,10.000000
65318,3.489150,0.000000,10.000000
65417,3.483871,0.000000,10.000000
65418,3.483871,0.000000,10.000000
65517,3.478592,0.000000,10.000000
65518,3.478592,0.000000,10.000000
65617,3.468035,0.000000,10.000000
65618,3.468035,0.000000,10.000000
65717,3.478592,0.000000,10.000000
65718,3.478592,0.000000,10.000000
65817,3.478592,0.000000,10.000000
65818,3.478592,0.000000,10.000000
65917,3.473314,0.000000,10.000000
65918,3.473314,0.000000,10.000000
66017,3.473314,0.000000,10.000000
66018,3.473314,0.000000,10.000000
66117,3.489150,0.000000,10.000000
66118,3.489150,0.000000,10.000000
66217,3.478592,0.000000,10.000000
66218,3.478592,0.000000,10.000000
66317,3.473314,0.000000,10.000000
66318,3.473314,0.000000,10.000000
66417,3.473314,0.000000,10.000000
66418,3.473314,0.000000,10.000000
66517,3.468035,0.000000,10.000000
66518,3.468035,0.000000,10.000000
66617,3.478592,0.000000,10.000000
66618,3.478592,0.000000,10.000000
66717,3.483871,0.000000,10.000000
66718,3.483871,0.000000,10.000000
66817,3.468035,0.000000,10.000000
66818,3.468035,0.000000,10.000000
66917,3.462757,0.000000,10.000000
66918,3.462757,0.000000,10.000000
67017,3.473314,0.000000,10.000000
67018,3.473314,0.000000,10.000000
67117,3.483871,0.000000,10.000000
67118,3.483871,0.000000,10.000000
67217,3.478592,0.000000,10.000000
67218,3.478592,0.000000,10.000000
67317,3.462757,0.000000,10.000000
67318,3.462757,0.000000,10.000000
67417,3.462757,0.000000,10.000000
67418,3.462757,0.000000,10.000000
67517,3.457478,0.000000,10.000000
67518,3.457478,0.000000,10.000000
67617,3.468035,0.000000,10.000000
67618,3.468035,0.000000,10.000000
67717,3.468035,0.000000,10.000000
67718,3.468035,0.000000,10.000000
67817,3.431085,0.000000,10.000000
67818,3.431085,0.000000,10.000000
67917,3.394135,0.000000,10.000000
67918,3.394135,0.000000,10.000000
68017,3.441642,0.000000,10.000000
68018,3.441642,0.000000,10.000000
68117,3.452199,0.000000,10.000000
68118,3.452199,0.000000,10.000000
68217,3.441642,0.000000,10.000000
68218,3.441642,0.000000,10.000000
68317,3.441642,0.000000,10.000000
68318,3.441642,0.000000,10.000000
68417,3.436364,0.000000,10.000000
68418,3.436364,0.000000,10.000000
68517,3.452199,0.000000,10.000000
68518,3.452199,0.000000,10.000000
68617,3.441642,0.000000,10.000000
68618,3.441642,0.000000,10.000000
68717,3.441642,0.000000,10.000000
68718,3.441642,0.000000,10.000000
68817,3.452199,0.000000,10.000000
68818,3.452199,0.000000,10.000000
68917,3.457478,0.000000,10.000000
68918,3.457478,0.000000,10.000000
69017,3.452199,0.000000,10.000000
69018,3.452199,0.000000,10.000000
69117,3.446921,0.000000,10.000000
69118,3.446921,0.000000,10.000000
69217,3.452199,0.000000,10.000000
69218,3.452199,0.000000,10.000000
69317,3.446921,0.000000,10.000000
69318,3.446921,0.000000,10.000000
69417,3.446921,0.000000,10.000000
69418,3.446921,0.000000,10.000000
69517,3.462757,0.000000,10.000000
69518,3.462757,0.000000,10.000000
69617,3.462757,0.000000,10.000000
69618,3.462757,0.000000,10.000000
69717,3.468035,0.000000,10.000000
69718,3.468035,0.000000,10.000000
69817,3.457478,0.000000,10.000000
69818,3.457478,0.000000,10.000000
69917,3.457478,0.000000,10.000000
69918,3.457478,0.000000,10.000000
70017,3.457478,0.000000,10.000000
70018,3.457478,0.000000,10.000000
70117,3.452199,0.000000,10.000000
70118,3.452199,0.000000,10.000000
70217,3.452199,0.000000,10.000000
70218,3.452199,0.000000,10.000000
70317,3.457478,0.000000,10.000000
70318,3.457478,0.000000,10.000000
70417,3.462757,0.000000,10.000000
70418,3.462757,0.000000,10.000000
70517,3.462757,0.000000,10.000000
70518,3.462757,0.000000,10.000000
70617,3.452199,0.000000,10.000000
70618,3.452199,0.000000,10.000000
70717,3.462757,0.000000,10.000000
70718,3.462757,0.000000,10.000000
70817,3.457478,0.000000,10.000000
70818,3.457478,0.000000,10.000000
70917,3.462757,0.000000,10.000000
70918,3.462757,0.000000,10.000000
71017,3.457478,0.000000,10.000000
71018,3.457478,0.000000,10.000000
71117,3.457478,0.000000,10.000000
71118,3.457478,0.000000,10.000000
71217,3.468035,0.000000,10.000000
71218,3.468035,0.000000,10.000000
71317,3.462757,0.000000,10.000000
71318,3.462757,0.000000,10.000000
71417,3.457478,0.000000,10.000000
71418,3.457478,0.000000,10.000000
71517,3.462757,0.000000,10.000000
71518,3.462757,0.000000,10.000000
71617,3.457478,0.000000,10.000000
71618,3.457478,0.000000,10.000000
71717,3.457478,0.000000,10.000000
71718,3.457478,0.000000,10.000000
71817,3.457478,0.000000,10.000000
71818,3.457478,0.000000,10.000000
71917,3.468035,0.000000,10.000000
71918,3.468035,0.000000,10.000000
72017,3.468035,0.000000,10.000000
72018,3.468035,0.000000,10.000000
72117,3.468035,0.000000,10.000000
72118,3.468035,0.000000,10.000000
72217,3.457478,0.000000,10.000000
72218,3.457478,0.000000,10.000000
72317,3.452199,0.000000,10.000000
72318,3.452199,0.000000,10.000000
72417,3.457478,0.000000,10.000000
72418,3.457478,0.000000,10.000000
72517,3.468035,0.000000,10.000000
72518,3.468035,0.000000,10.000000
72617,3.457478,0.000000,10.000000
72618,3.457478,0.000000,10.000000
72717,3.457478,0.000000,10.000000
72718,3.457478,0.000000,10.000000
72817,3.468035,0.000000,10.000000
72818,3.468035,0.000000,10.000000
72917,3.468035,0.000000,10.000000
72918,3.468035,0.000000,10.000000
73017,3.457478,0.000000,10.000000
73018,3.457478,0.000000,10.000000
73117,3.457478,0.000000,10.000000
73118,3.457478,0.000000,10.000000
73217,3.462757,0.000000,10.000000
73218,3.462757,0.000000,10.000000
73317,3.457478,0.000000,10.000000
73318,3.457478,0.000000,10.000000
73417,3.462757,0.000000,10.000000
73418,3.462757,0.000000,10.000000
73517,3.462757,0.000000,10.000000
73518,3.462757,0.000000,10.000000
73617,3.468035,0.000000,10.000000
73618,3.468035,0.000000,10.000000
73717,3.473314,0.000000,10.000000
73718,3.473314,0.000000,10.000000
73817,3.468035,0.000000,10.000000
73818,3.468035,0.000000,10.000000
73917,3.457478,0.000000,10.000000
73918,3.457478,0.000000,10.000000
74017,3.468035,0.000000,10.000000
74018,3.468035,0.000000,10.000000
74117,3.457478,0.000000,10.000000
74118,3.457478,0.000000,10.000000
74217,3.457478,0.000000,10.000000
74218,3.457478,0.000000,10.000000
74317,3.462757,0.000000,10.000000
74318,3.462757,0.000000,10.000000
74417,3.457478,0.000000,10.000000
74418,3.457478,0.000000,10.000000
74517,3.468035,0.000000,10.000000
74518,3.468035,0.000000,10.000000
74617,3.462757,0.000000,10.000000
74618,3.462757,0.000000,10.000000
74717,3.457478,0.000000,10.000000
74718,3.457478,0.000000,10.000000
74817,3.462757,0.000000,10.000000
74818,3.462757,0.000000,10.000000
74917,3.468035,0.000000,10.000000
74918,3.468035,0.000000,10.000000
75017,3.457478,0.000000,10.000000
75018,3.457478,0.000000,10.000000
75117,3.457478,0.000000,10.000000
75118,3.457478,0.000000,10.000000
75217,3.468035,0.000000,10.000000
75218,3.468035,0.000000,10.000000
75317,3.462757,0.000000,10.000000
75318,3.462757,0.000000,10.000000
75417,3.462757,0.000000,10.000000
75418,3.462757,0.000000,10.000000
75517,3.457478,0.000000,10.000000
75518,3.457478,0.000000,10.000000
75617,3.452199,0.000000,10.000000
75618,3.452199,0.000000,10.000000
75717,3.457478,0.000000,10.000000
75718,3.457478,0.000000,10.000000
75817,3.462757,0.000000,10.000000
75818,3.462757,0.000000,10.000000
75917,3.473314,0.000000,10.000000
75918,3.473314,0.000000,10.000000
76017,3.462757,0.000000,10.000000
76018,3.462757,0.000000,10.000000
76117,3.457478,0.000000,10.000000
76118,3.457478,0.000000,10.000000
76217,3.457478,0.000000,10.000000
76218,3.457478,0.000000,10.000000
76317,3.457478,0.000000,10.000000
76318,3.457478,0.000000,10.000000
76417,3.462757,0.000000,10.000000
76418,3.462757,0.000000,10.000000
76517,3.468035,0.000000,10.000000
76518,3.468035,0.000000,10.000000
76617,3.468035,0.000000,10.000000
76618,3.468035,0.000000,10.000000
76717,3.457478,0.000000,10.000000
76718,3.457478,0.000000,10.000000
76817,3.462757,0.000000,10.000000
76818,3.462757,0.000000,10.000000
76917,3.468035,0.000000,10.000000
76918,3.468035,0.000000,10.000000
77017,3.468035,0.000000,10.000000
77018,3.468035,0.000000,10.000000
77117,3.473314,0.000000,10.000000
77118,3.473314,0.000000,10.000000
77217,3.473314,0.000000,10.000000
77218,3.473314,0.000000,10.000000
77317,3.462757,0.000000,10.000000
77318,3.462757,0.000000,10.000000
77417,3.452199,0.000000,10.000000
77418,3.452199,0.000000,10.000000
77517,3.457478,0.000000,10.000000
77518,3.457478,0.000000,10.000000
77617,3.478592,0.000000,10.000000
77618,3.478592,0.000000,10.000000
77717,3.478592,0.000000,10.000000
77718,3.478592,0.000000,10.000000
77817,3.457478,0.000000,10.000000
77818,3.457478,0.000000,10.000000
77917,3.473314,0.000000,10.000000
77918,3.473314,0.000000,10.000000
78017,3.468035,0.000000,10.000000
78018,3.468035,0.000000,10.000000
78117,3.468035,0.000000,10.000000
78118,3.468035,0.000000,10.000000
78217,3.462757,0.000000,10.000000
78218,3.462757,0.000000,10.000000
78317,3.457478,0.000000,10.000000
78318,3.457478,0.000000,10.000000
78417,3.473314,0.000000,10.000000
78418,3.473314,0.000000,10.000000
78517,3.473314,0.000000,10.000000
78518,3.473314,0.000000,10.000000
78617,3.462757,0.000000,10.000000
78618,3.462757,0.000000,10.000000
78717,3.462757,0.000000,10.000000
78718,3.462757,0.000000,10.000000
78817,3.452199,0.000000,10.000000
78818,3.452199,0.000000,10.000000
78917,3.457478,0.000000,10.000000
78918,3.457478,0.000000,10.000000
79017,3.468035,0.000000,10.000000
79018,3.468035,0.000000,10.000000
79117,3.462757,0.000000,10.000000
79118,3.462757,0.000000,10.000000
79217,3.462757,0.000000,10.000000
79218,3.462757,0.000000,10.000000
79317,3.462757,0.000000,10.000000
79318,3.462757,0.000000,10.000000
79417,3.462757,0.000000,10.000000
79418,3.462757,0.000000,10.000000
79517,3.452199,0.000000,10.000000
79518,3.452199,0.000000,10.000000
79617,3.452199,0.000000,10.000000
79618,3.452199,0.000000,10.000000
79717,3.457478,0.000000,10.000000
79718,3.457478,0.000000,10.000000
79817,3.473314,0.000000,10.000000
79818,3.473314,0.000000,10.000000
79917,3.462757,0.000000,10.000000
79918,3.462757,0.000000,10.000000
80017,3.452199,0.000000,10.000000
80018,3.452199,0.000000,10.000000
80117,3.457478,0.000000,10.000000
80118,3.457478,0.000000,10.000000
80217,3.468035,0.000000,10.000000
80218,3.468035,0.000000,10.000000
80317,3.462757,0.000000,10.000000
80318,3.462757,0.000000,10.000000
80417,3.452199,0.000000,10.000000
80418,3.452199,0.000000,10.000000
80517,3.457478,0.000000,10.000000
80518,3.457478,0.000000,10.000000
80617,3.457478,0.000000,10.000000
80618,3.457478,0.000000,10.000000
80717,3.457478,0.000000,10.000000
80718,3.457478,0.000000,10.000000
80817,3.462757,0.000000,10.000000
80818,3.462757,0.000000,10.000000
80917,3.468035,0.000000,10.000000
80918,3.468035,0.000000,10.000000
81017,3.468035,0.000000,10.000000
81018,3.468035,0.000000,10.000000
81117,3.462757,0.000000,10.000000
81118,3.462757,0.000000,10.000000
81217,3.457478,0.000000,10.000000
81218,3.457478,0.000000,10.000000
81317,3.446921,0.000000,10.000000
81318,3.446921,0.000000,10.000000
81417,3.441642,0.000000,10.000000
81418,3.441642,0.000000,10.000000
81517,3.457478,0.000000,10.000000
81518,3.457478,0.000000,10.000000
81617,3.468035,0.000000,10.000000
81618,3.468035,0.000000,10.000000
81717,3.473314,0.000000,10.000000
81718,3.473314,0.000000,10.000000
81817,3.462757,0.000000,10.000000
81818,3.462757,0.000000,10.000000
81917,3.468035,0.000000,10.000000
81918,3.468035,0.000000,10.000000
82017,3.462757,0.000000,10.000000
82018,3.457478,0.000000,10.000000
82117,3.457478,0.000000,10.000000
82118,3.457478,0.000000,10.000000
82217,3.462757,0.000000,10.000000
82218,3.462757,0.000000,10.000000
82317,3.462757,0.000000,10.000000
82318,3.462757,0.000000,10.000000
82417,3.452199,0.000000,10.000000
82418,3.452199,0.000000,10.000000
82517,3.457478,0.000000,10.000000
82518,3.457478,0.000000,10.000000
82617,3.457478,0.000000,10.000000
82618,3.457478,0.000000,10.000000
82717,3.457478,0.000000,10.000000
82718,3.457478,0.000000,10.000000
82817,3.457478,0.000000,10.000000
82818,3.457478,0.000000,10.000000
82917,3.446921,0.000000,10.000000
82918,3.446921,0.000000,10.000000
83017,3.446921,0.000000,10.000000
83018,3.446921,0.000000,10.000000
83117,3.457478,0.000000,10.000000
83118,3.457478,0.000000,10.000000
83217,3.462757,0.000000,10.000000
83218,3.462757,0.000000,10.000000
83317,3.457478,0.000000,10.000000
83318,3.457478,0.000000,10.000000
83417,3.457478,0.000000,10.000000
83418,3.457478,0.000000,10.000000
83517,3.462757,0.000000,10.000000
83518,3.462757,0.000000,10.000000
83617,3.462757,0.000000,10.000000
83618,3.462757,0.000000,10.000000
83717,3.452199,0.000000,10.000000
83718,3.452199,0.000000,10.000000
83817,3.446921,0.000000,10.000000
83818,3.446921,0.000000,10.000000
83917,3.457478,0.000000,10.000000
83918,3.457478,0.000000,10.000000
84017,3.462757,0.000000,10.000000
84018,3.462757,0.000000,10.000000
84117,3.473314,0.000000,10.000000
84118,3.473314,0.000000,10.000000
84217,3.468035,0.000000,10.000000
84218,3.468035,0.000000,10.000000
84317,3.462757,0.000000,10.000000
84318,3.462757,0.000000,10.000000
84417,3.452199,0.000000,10.000000
84418,3.452199,0.000000,10.000000
84517,3.446921,0.000000,10.000000
84518,3.446921,0.000000,10.000000
84617,3.446921,0.000000,10.000000
84618,3.446921,0.000000,10.000000
84717,3.462757,0.000000,10.000000
84718,3.462757,0.000000,10.000000
84817,3.457478,0.000000,10.000000
84818,3.457478,0.000000,10.000000
84917,3.452199,0.000000,10.000000
84918,3.452199,0.000000,10.000000
85017,3.457478,0.000000,10.000000
85018,3.457478,0.000000,10.000000
85117,3.462757,0.000000,10.000000
85118,3.462757,0.000000,10.000000
85217,3.468035,0.000000,10.000000
85218,3.468035,0.000000,10.000000
85317,3.457478,0.000000,10.000000
85318,3.457478,0.000000,10.000000
85417,3.446921,0.000000,10.000000
85418,3.446921,0.000000,10.000000
85517,3.457478,0.000000,10.000000
85518,3.457478,0.000000,10.000000
85617,3.452199,0.000000,10.000000
85618,3.452199,0.000000,10.000000
85717,3.462757,0.000000,10.000000
85718,3.462757,0.000000,10.000000
85817,3.468035,0.000000,10.000000
85818,3.468035,0.000000,10.000000
85917,3.462757,0.000000,10.000000
85918,3.462757,0.000000,10.000000
86017,3.446921,0.000000,10.000000
86018,3.446921,0.000000,10.000000
86117,3.457478,0.000000,10.000000
86118,3.457478,0.000000,10.000000
86217,3.457478,0.000000,10.000000
86218,3.457478,0.000000,10.000000
86317,3.452199,0.000000,10.000000
86318,3.452199,0.000000,10.000000
86417,3.457478,0.000000,10.000000
86418,3.457478,0.000000,10.000000
86517,3.452199,0.000000,10.000000
86518,3.452199,0.000000,10.000000
86617,3.452199,0.000000,10.000000
86618,3.452199,0.000000,10.000000
86717,3.462757,0.000000,10.000000
86718,3.462757,0.000000,10.000000
86817,3.452199,0.000000,10.000000
86818,3.452199,0.000000,10.000000
86917,3.452199,0.000000,10.000000
86918,3.452199,0.000000,10.000000
87017,3.452199,0.000000,10.000000
87018,3.452199,0.000000,10.000000
87117,3.457478,0.000000,10.000000
87118,3.457478,0.000000,10.000000
87217,3.462757,0.000000,10.000000
87218,3.462757,0.000000,10.000000
87317,3.462757,0.000000,10.000000
87318,3.462757,0.000000,10.000000
87417,3.457478,0.000000,10.000000
87418,3.457478,0.000000,10.000000
87517,3.452199,0.000000,10.000000
87518,3.452199,0.000000,10.000000
87617,3.452199,0.000000,10.000000
87618,3.452199,0.000000,10.000000
87717,3.457478,0.000000,10.000000
87718,3.457478,0.000000,10.000000
87817,3.452199,0.000000,10.000000
87818,3.452199,0.000000,10.000000
87917,3.457478,0.000000,10.000000
87918,3.457478,0.000000,10.000000
88017,3.462757,0.000000,10.000000
88018,3.462757,0.000000,10.000000
88117,3.457478,0.000000,10.000000
88118,3.457478,0.000000,10.000000
88217,3.452199,0.000000,10.000000
88218,3.452199,0.000000,10.000000
88317,3.446921,0.000000,10.000000
88318,3.446921,0.000000,10.000000
88417,3.452199,0.000000,10.000000
88418,3.452199,0.000000,10.000000
88517,3.462757,0.000000,10.000000
88518,3.462757,0.000000,10.000000
88617,3.462757,0.000000,10.000000
88618,3.462757,0.000000,10.000000
88717,3.457478,0.000000,10.000000
88718,3.457478,0.000000,10.000000
88817,3.457478,0.000000,10.000000
88818,3.457478,0.000000,10.000000
88917,3.457478,0.000000,10.000000
88918,3.457478,0.000000,10.000000
89017,3.457478,0.000000,10.000000
89018,3.457478,0.000000,10.000000
89117,3.457478,0.000000,10.000000
89118,3.457478,0.000000,10.000000
89217,3.457478,0.000000,10.000000
89218,3.457478,0.000000,10.000000
89317,3.457478,0.000000,10.000000
89318,3.457478,0.000000,10.000000
89417,3.457478,0.000000,10.000000
89418,3.457478,0.000000,10.000000
89517,3.446921,0.000000,10.000000
89518,3.446921,0.000000,10.000000
89617,3.446921,0.000000,10.000000
89618,3.446921,0.000000,10.000000
89717,3.457478,0.000000,10.000000
89718,3.457478,0.000000,10.000000
89817,3.462757,0.000000,10.000000
89818,3.462757,0.000000,10.000000
89917,3.452199,0.000000,10.000000
89918,3.452199,0.000000,10.000000
90017,3.457478,0.000000,10.000000
90018,3.457478,0.000000,10.000000
90117,3.462757,0.000000,10.000000
90118,3.462757,0.000000,10.000000
90217,3.457478,0.000000,10.000000
90218,3.457478,0.000000,10.000000
90317,3.452199,0.000000,10.000000
90318,3.452199,0.000000,10.000000
90417,3.457478,0.000000,10.000000
90418,3.457478,0.000000,10.000000
90517,3.457478,0.000000,10.000000
90518,3.457478,0.000000,10.000000
90617,3.457478,0.000000,10.000000
90618,3.457478,0.000000,10.000000
90717,3.462757,0.000000,10.000000
90718,3.462757,0.000000,10.000000
90817,3.452199,0.000000,10.000000
90818,3.452199,0.000000,10.000000
90917,3.452199,0.000000,10.000000
90918,3.452199,0.000000,10.000000
91017,3.457478,0.000000,10.000000
91018,3.457478,0.000000,10.000000
91117,3.452199,0.000000,10.000000
91118,3.452199,0.000000,10.000000
91217,3.462757,0.000000,10.000000
91218,3.462757,0.000000,10.000000
91317,3.457478,0.000000,10.000000
91318,3.457478,0.000000,10.000000
91417,3.457478,0.000000,10.000000
91418,3.457478,0.000000,10.000000
91517,3.462757,0.000000,10.000000
91518,3.462757,0.000000,10.000000
91617,3.462757,0.000000,10.000000
91618,3.462757,0.000000,10.000000
91717,3.452199,0.000000,10.000000
91718,3.452199,0.000000,10.000000
91817,3.457478,0.000000,10.000000
91818,3.452199,0.000000,10.000000
91917,3.457478,0.000000,10.000000
91918,3.457478,0.000000,10.000000
92017,3.457478,0.000000,10.000000
92018,3.457478,0.000000,10.000000
92117,3.462757,0.000000,10.000000
92118,3.462757,0.000000,10.000000
92217,3.452199,0.000000,10.000000
92218,3.452199,0.000000,10.000000
92317,3.457478,0.000000,10.000000
92318,3.452199,0.000000,10.000000
92417,3.452199,0.000000,10.000000
92418,3.457478,0.000000,10.000000
92517,3.468035,0.000000,10.000000
92518,3.468035,0.000000,10.000000
92617,3.468035,0.000000,10.000000
92618,3.468035,0.000000,10.000000
92717,3.462757,0.000000,10.000000
92718,3.462757,0.000000,10.000000
92817,3.452199,0.000000,10.000000
92818,3.452199,0.000000,10.000000
92917,3.457478,0.000000,10.000000
92918,3.457478,0.000000,10.000000
93017,3.452199,0.000000,10.000000
93018,3.452199,0.000000,10.000000
93117,3.446921,0.000000,10.000000
93118,3.446921,0.000000,10.000000
93217,3.452199,0.000000,10.000000
93218,3.452199,0.000000,10.000000
93317,3.457478,0.000000,10.000000
93318,3.457478,0.000000,10.000000
93417,3.468035,0.000000,10.000000
93418,3.468035,0.000000,10.000000
93517,3.452199,0.000000,10.000000
93518,3.452199,0.000000,10.000000
93617,3.446921,0.000000,10.000000
93618,3.446921,0.000000,10.000000
93717,3.457478,0.000000,10.000000
93718,3.457478,0.000000,10.000000
93817,3.462757,0.000000,10.000000
93818,3.462757,0.000000,10.000000
93917,3.452199,0.000000,10.000000
93918,3.452199,0.000000,10.000000
94017,3.452199,0.000000,10.000000
94018,3.452199,0.000000,10.000000
94117,3.462757,0.000000,10.000000
94118,3.462757,0.000000,10.000000
94217,3.452199,0.000000,10.000000
94218,3.452199,0.000000,10.000000
94317,3.446921,0.000000,10.000000
94318,3.446921,0.000000,10.000000
94417,3.462757,0.000000,10.000000
94418,3.462757,0.000000,10.000000
94517,3.452199,0.000000,10.000000
94518,3.452199,0.000000,10.000000
94617,3.468035,0.000000,10.000000
94618,3.468035,0.000000,10.000000
94717,3.468035,0.000000,10.000000
94718,3.468035,0.000000,10.000000
94817,3.446921,0.000000,10.000000
94818,3.446921,0.000000,10.000000
94917,3.452199,0.000000,10.000000
94918,3.452199,0.000000,10.000000
95017,3.462757,0.000000,10.000000
95018,3.462757,0.000000,10.000000
95117,3.462757,0.000000,10.000000
95118,3.462757,0.000000,10.000000
95217,3.457478,0.000000,10.000000
95218,3.457478,0.000000,10.000000
95317,3.446921,0.000000,10.000000
95318,3.446921,0.000000,10.000000
95417,3.452199,0.000000,10.000000
95418,3.452199,0.000000,10.000000
95517,3.452199,0.000000,10.000000
95518,3.452199,0.000000,10.000000
95617,3.452199,0.000000,10.000000
95618,3.452199,0.000000,10.000000
95717,3.462757,0.000000,10.000000
95718,3.462757,0.000000,10.000000
95817,3.462757,0.000000,10.000000
95818,3.462757,0.000000,10.000000
95917,3.446921,0.000000,10.000000
95918,3.446921,0.000000,10.000000
96017,3.446921,0.000000,10.000000
96018,3.446921,0.000000,10.000000
96117,3.446921,0.000000,10.000000
96118,3.446921,0.000000,10.000000
96217,3.452199,0.000000,10.000000
96218,3.452199,0.000000,10.000000
96317,3.436364,0.000000,10.000000
96318,3.436364,0.000000,10.000000
96417,3.441642,0.000000,10.000000
96418,3.441642,0.000000,10.000000
96517,3.446921,0.000000,10.000000
96518,3.446921,0.000000,10.000000
96617,3.457478,0.000000,10.000000
96618,3.457478,0.000000,10.000000
96717,3.457478,0.000000,10.000000
96718,3.457478,0.000000,10.000000
96817,3.457478,0.000000,10.000000
96818,3.457478,0.000000,10.000000
96917,3.446921,0.000000,10.000000
96918,3.446921,0.000000,10.000000
97017,3.446921,0.000000,10.000000
97018,3.446921,0.000000,10.000000
97117,3.446921,0.000000,10.000000
97118,3.446921,0.000000,10.000000
97217,3.446921,0.000000,10.000000
97218,3.446921,0.000000,10.000000
97317,3.441642,0.000000,10.000000
97318,3.441642,0.000000,10.000000
97417,3.441642,0.000000,10.000000
97418,3.441642,0.000000,10.000000
97517,3.446921,0.000000,10.000000
97518,3.446921,0.000000,10.000000
97617,3.457478,0.000000,10.000000
97618,3.457478,0.000000,10.000000
97717,3.452199,0.000000,10.000000
97718,3.452199,0.000000,10.000000
97817,3.452199,0.000000,10.000000
97818,3.452199,0.000000,10.000000
97917,3.462757,0.000000,10.000000
97918,3.462757,0.000000,10.000000
98017,3.446921,0.000000,10.000000
98018,3.446921,0.000000,10.000000
98117,3.452199,0.000000,10.000000
98118,3.452199,0.000000,10.000000
98217,3.441642,0.000000,10.000000
98218,3.441642,0.000000,10.000000
98317,3.436364,0.000000,10.000000
98318,3.436364,0.000000,10.000000
98417,3.446921,0.000000,10.000000
98418,3.446921,0.000000,10.000000
98517,3.452199,0.000000,10.000000
98518,3.452199,0.000000,10.000000
98617,3.452199,0.000000,10.000000
98618,3.452199,0.000000,10.000000
98717,3.452199,0.000000,10.000000
98718,3.452199,0.000000,10.000000
98817,3.452199,0.000000,10.000000
98818,3.452199,0.000000,10.000000
98917,3.446921,0.000000,10.000000
98918,3.446921,0.000000,10.000000
99017,3.441642,0.000000,10.000000
99018,3.441642,0.000000,10.000000
99117,3.446921,0.000000,10.000000
99118,3.446921,0.000000,10.000000
99217,3.446921,0.000000,10.000000
99218,3.446921,0.000000,10.000000
99317,3.452199,0.000000,10.000000
99318,3.452199,0.000000,10.000000
99417,3.446921,0.000000,10.000000
99418,3.446921,0.000000,10.000000
99517,3.446921,0.000000,10.000000
99518,3.446921,0.000000,10.000000
99617,3.441642,0.000000,10.000000
99618,3.441642,0.000000,10.000000
99717,3.446921,0.000000,10.000000
99718,3.446921,0.000000,10.000000
99817,3.446921,0.000000,10.000000
99818,3.446921,0.000000,10.000000
99917,3.446921,0.000000,10.000000
99918,3.446921,0.000000,10.000000
100017,3.446921,0.000000,10.000000
100018,3.446921,0.000000,10.000000
100117,3.441642,0.000000,10.000000
100118,3.441642,0.000000,10.000000
100217,3.446921,0.000000,10.000000
100218,3.446921,0.000000,10.000000
100317,3.446921,0.000000,10.000000
100318,3.446921,0.000000,10.000000
100417,3.446921,0.000000,10.000000
100418,3.446921,0.000000,10.000000
100517,3.436364,0.000000,10.000000
100518,3.436364,0.000000,10.000000
100617,3.446921,0.000000,10.000000
100618,3.446921,0.000000,10.000000
100717,3.457478,0.000000,10.000000
100718,3.457478,0.000000,10.000000
100817,3.452199,0.000000,10.000000
100818,3.452199,0.000000,10.000000
100917,3.446921,0.000000,10.000000
100918,3.446921,0.000000,10.000000
101017,3.441642,0.000000,10.000000
101018,3.441642,0.000000,10.000000
101117,3.441642,0.000000,10.000000
101118,3.441642,0.000000,10.000000
101217,3.441642,0.000000,10.000000
101218,3.441642,0.000000,10.000000
101317,3.446921,0.000000,10.000000
101318,3.446921,0.000000,10.000000
101417,3.446921,0.000000,10.000000
101418,3.446921,0.000000,10.000000
101517,3.452199,0.000000,10.000000
101518,3.452199,0.000000,10.000000
101617,3.441642,0.000000,10.000000
101618,3.441642,0.000000,10.000000
101717,3.436364,0.000000,10.000000
101718,3.436364,0.000000,10.000000
101817,3.452199,0.000000,10.000000
101818,3.452199,0.000000,10.000000
101917,3.452199,0.000000,10.000000
101918,3.452199,0.000000,10.000000
102017,3.446921,0.000000,10.000000
102018,3.446921,0.000000,10.000000
102117,3.446921,0.000000,10.000000
102118,3.441642,0.000000,10.000000
102217,3.446921,0.000000,10.000000
102218,3.446921,0.000000,10.000000
102317,3.446921,0.000000,10.000000
102318,3.446921,0.000000,10.000000
102417,3.446921,0.000000,10.000000
102418,3.446921,0.000000,10.000000
102517,3.436364,0.000000,10.000000
102518,3.441642,0.000000,10.000000
102617,3.441642,0.000000,10.000000
102618,3.441642,0.000000,10.000000
102717,3.446921,0.000000,10.000000
102718,3.446921,0.000000,10.000000
102817,3.452199,0.000000,10.000000
102818,3.446921,0.000000,10.000000
102917,3.446921,0.000000,10.000000
102918,3.441642,0.000000,10.000000
103017,3.436364,0.000000,10.000000
103018,3.436364,0.000000,10.000000
103117,3.436364,0.000000,10.000000
103118,3.436364,0.000000,10.000000
103217,3.452199,0.000000,10.000000
103218,3.452199,0.000000,10.000000
103317,3.446921,0.000000,10.000000
103318,3.446921,0.000000,10.000000
103417,3.436364,0.000000,10.000000
103418,3.436364,0.000000,10.000000
103517,3.436364,0.000000,10.000000
103518,3.436364,0.000000,10.000000
103617,3.436364,0.000000,10.000000
103618,3.436364,0.000000,10.000000
103717,3.436364,0.000000,10.000000
103718,3.436364,0.000000,10.000000
103817,3.441642,0.000000,10.000000
103818,3.441642,0.000000,10.000000
103917,3.452199,0.000000,10.000000
103918,3.452199,0.000000,10.000000
104017,3.446921,0.000000,10.000000
104018,3.446921,0.000000,10.000000
104117,3.441642,0.000000,10.000000
104118,3.441642,0.000000,10.000000
104217,3.436364,0.000000,10.000000
104218,3.436364,0.000000,10.000000
104317,3.436364,0.000000,10.000000
104318,3.436364,0.000000,10.000000
104417,3.436364,0.000000,10.000000
104418,3.436364,0.000000,10.000000
104517,3.446921,0.000000,10.000000
104518,3.446921,0.000000,10.000000
104617,3.452199,0.000000,10.000000
104618,3.452199,0.000000,10.000000
104717,3.452199,0.000000,10.000000
104718,3.452199,0.000000,10.000000
104817,3.441642,0.000000,10.000000
104818,3.441642,0.000000,10.000000
104917,3.441642,0.000000,10.000000
104918,3.441642,0.000000,10.000000
105017,3.436364,0.000000,10.000000
105018,3.436364,0.000000,10.000000
105117,3.436364,0.000000,10.000000
105118,3.436364,0.000000,10.000000
105217,3.436364,0.000000,10.000000
105218,3.436364,0.000000,10.000000
105317,3.436364,0.000000,10.000000
105318,3.436364,0.000000,10.000000
105417,3.446921,0.000000,10.000000
105418,3.446921,0.000000,10.000000
105517,3.446921,0.000000,10.000000
105518,3.446921,0.000000,10.000000
105617,3.436364,0.000000,10.000000
105618,3.436364,0.000000,10.000000
105717,3.436364,0.000000,10.000000
105718,3.436364,0.000000,10.000000
105817,3.431085,0.000000,10.000000
105818,3.431085,0.000000,10.000000
105917,3.436364,0.000000,10.000000
105918,3.436364,0.000000,10.000000
106017,3.436364,0.000000,10.000000
106018,3.436364,0.000000,10.000000
106117,3.446921,0.000000,10.000000
106118,3.446921,0.000000,10.000000
106217,3.446921,0.000000,10.000000
106218,3.446921,0.000000,10.000000
106317,3.457478,0.000000,10.000000
106318,3.457478,0.000000,10.000000
106417,3.441642,0.000000,10.000000
106418,3.441642,0.000000,10.000000
106517,3.441642,0.000000,10.000000
106518,3.441642,0.000000,10.000000
106617,3.431085,0.000000,10.000000
106618,3.431085,0.000000,10.000000
106717,3.436364,0.000000,10.000000
106718,3.436364,0.000000,10.000000
106817,3.441642,0.000000,10.000000
106818,3.441642,0.000000,10.000000
106917,3.446921,0.000000,10.000000
106918,3.446921,0.000000,10.000000
107017,3.436364,0.000000,10.000000
107018,3.436364,0.000000,10.000000
107117,3.441642,0.000000,10.000000
107118,3.441642,0.000000,10.000000
107217,3.441642,0.000000,10.000000
107218,3.441642,0.000000,10.000000
107317,3.436364,0.000000,10.000000
107318,3.436364,0.000000,10.000000
107417,3.436364,0.000000,10.000000
107418,3.436364,0.000000,10.000000
107517,3.441642,0.000000,10.000000
107518,3.441642,0.000000,10.000000
107617,3.436364,0.000000,10.000000
107618,3.436364,0.000000,10.000000
107717,3.436364,0.000000,10.000000
107718,3.436364,0.000000,10.000000
107817,3.441642,0.000000,10.000000
107818,3.441642,0.000000,10.000000
107917,3.441642,0.000000,10.000000
107918,3.441642,0.000000,10.000000
108017,3.441642,0.000000,10.000000
108018,3.441642,0.000000,10.000000
108117,3.436364,0.000000,10.000000
108118,3.436364,0.000000,10.000000
108217,3.436364,0.000000,10.000000
108218,3.436364,0.000000,10.000000
108317,3.436364,0.000000,10.000000
108318,3.436364,0.000000,10.000000
108417,3.436364,0.000000,10.000000
108418,3.436364,0.000000,10.000000
108517,3.431085,0.000000,10.000000
108518,3.431085,0.000000,10.000000
108617,3.425807,0.000000,10.000000
108618,3.425807,0.000000,10.000000
108717,3.436364,0.000000,10.000000
108718,3.436364,0.000000,10.000000
108817,3.431085,0.000000,10.000000
108818,3.431085,0.000000,10.000000
108917,3.441642,0.000000,10.000000
108918,3.441642,0.000000,10.000000
109017,3.446921,0.000000,10.000000
109018,3.446921,0.000000,10.000000
109117,3.441642,0.000000,10.000000
109118,3.441642,0.000000,10.000000
109217,3.425807,0.000000,10.000000
109218,3.425807,0.000000,10.000000
109317,3.431085,0.000000,10.000000
109318,3.431085,0.000000,10.000000
109417,3.431085,0.000000,10.000000
109418,3.431085,0.000000,10.000000
109517,3.436364,0.000000,10.000000
109518,3.436364,0.000000,10.000000
109617,3.431085,0.000000,10.000000
109618,3.431085,0.000000,10.000000
109717,3.436364,0.000000,10.000000
109718,3.436364,0.000000,10.000000
109817,3.436364,0.000000,10.000000
109818,3.436364,0.000000,10.000000
109917,3.436364,0.000000,10.000000
109918,3.436364,0.000000,10.000000
110017,3.436364,0.000000,10.000000
110018,3.436364,0.000000,10.000000
110117,3.431085,0.000000,10.000000
110118,3.431085,0.000000,10.000000
110217,3.425807,0.000000,10.000000
110218,3.425807,0.000000,10.000000
110317,3.436364,0.000000,10.000000
110318,3.436364,0.000000,10.000000
110417,3.431085,0.000000,10.000000
110418,3.431085,0.000000,10.000000
110517,3.431085,0.000000,10.000000
110518,3.431085,0.000000,10.000000
110617,3.436364,0.000000,10.000000
110618,3.436364,0.000000,10.000000
110717,3.446921,0.000000,10.000000
110718,3.446921,0.000000,10.000000
110817,3.436364,0.000000,10.000000
110818,3.436364,0.000000,10.000000
110917,3.420528,0.000000,10.000000
110918,3.420528,0.000000,10.000000
111017,3.420528,0.000000,10.000000
111018,3.420528,0.000000,10.000000
111117,3.431085,0.000000,10.000000
111118,3.431085,0.000000,10.000000
111217,3.436364,0.000000,10.000000
111218,3.436364,0.000000,10.000000
111317,3.425807,0.000000,10.000000
111318,3.425807,0.000000,10.000000
111417,3.425807,0.000000,10.000000
111418,3.425807,0.000000,10.000000
111517,3.425807,0.000000,10.000000
111518,3.425807,0.000000,10.000000
111617,3.425807,0.000000,10.000000
111618,3.425807,0.000000,10.000000
111717,3.425807,0.000000,10.000000
111718,3.425807,0.000000,10.000000
111817,3.436364,0.000000,10.000000
111818,3.436364,0.000000,10.000000
111917,3.425807,0.000000,10.000000
111918,3.425807,0.000000,10.000000
112017,3.420528,0.000000,10.000000
112018,3.420528,0.000000,10.000000
112117,3.425807,0.000000,10.000000
112118,3.425807,0.000000,10.000000
112217,3.431085,0.000000,10.000000
112218,3.431085,0.000000,10.000000
112317,3.436364,0.000000,10.000000
112318,3.436364,0.000000,10.000000
112417,3.420528,0.000000,10.000000
112418,3.425807,0.000000,10.000000
112517,3.425807,0.000000,10.000000
112518,3.425807,0.000000,10.000000
112617,3.415249,0.000000,10.000000
112618,3.415249,0.000000,10.000000
112717,3.420528,0.000000,10.000000
112718,3.420528,0.000000,10.000000
112817,3.420528,0.000000,10.000000
112818,3.420528,0.000000,10.000000
112917,3.425807,0.000000,10.000000
112918,3.431085,0.000000,10.000000
113017,3.431085,0.000000,10.000000
113018,3.431085,0.000000,10.000000
113117,3.420528,0.000000,10.000000
113118,3.420528,0.000000,10.000000
113217,3.431085,0.000000,10.000000
113218,3.431085,0.000000,10.000000
113317,3.431085,0.000000,10.000000
113318,3.431085,0.000000,10.000000
113417,3.425807,0.000000,10.000000
113418,3.425807,0.000000,10.000000
113517,3.425807,0.000000,10.000000
113518,3.425807,0.000000,10.000000
113617,3.425807,0.000000,10.000000
113618,3.425807,0.000000,10.000000
113717,3.431085,0.000000,10.000000
113718,3.431085,0.000000,10.000000
113817,3.420528,0.000000,10.000000
113818,3.420528,0.000000,10.000000
113917,3.425807,0.000000,10.000000
113918,3.425807,0.000000,10.000000
114017,3.420528,0.000000,10.000000
114018,3.420528,0.000000,10.000000
114117,3.425807,0.000000,10.000000
114118,3.425807,0.000000,10.000000
114217,3.425807,0.000000,10.000000
114218,3.425807,0.000000,10.000000
114317,3.415249,0.000000,10.000000
114318,3.415249,0.000000,10.000000
114417,3.420528,0.000000,10.000000
114418,3.420528,0.000000,10.000000
114517,3.436364,0.000000,10.000000
114518,3.436364,0.000000,10.000000
114617,3.431085,0.000000,10.000000
114618,3.431085,0.000000,10.000000
114717,3.420528,0.000000,10.000000
114718,3.420528,0.000000,10.000000
114817,3.420528,0.000000,10.000000
114818,3.420528,0.000000,10.000000
114917,3.420528,0.000000,10.000000
114918,3.420528,0.000000,10.000000
115017,3.425807,0.000000,10.000000
115018,3.425807,0.000000,10.000000
115117,3.420528,0.000000,10.000000
115118,3.420528,0.000000,10.000000
115217,3.425807,0.000000,10.000000
115218,3.425807,0.000000,10.000000
115317,3.431085,0.000000,10.000000
115318,3.431085,0.000000,10.000000
115417,3.431085,0.000000,10.000000
115418,3.431085,0.000000,10.000000
115517,3.425807,0.000000,10.000000
115518,3.425807,0.000000,10.000000
115617,3.420528,0.000000,10.000000
115618,3.420528,0.000000,10.000000
115717,3.420528,0.000000,10.000000
115718,3.420528,0.000000,10.000000
115817,3.425807,0.000000,10.000000
115818,3.425807,0.000000,10.000000
115917,3.420528,0.000000,10.000000
115918,3.420528,0.000000,10.000000
116017,3.431085,0.000000,10.000000
116018,3.431085,0.000000,10.000000
116117,3.425807,0.000000,10.000000
116118,3.425807,0.000000,10.000000
116217,3.425807,0.000000,10.000000
116218,3.425807,0.000000,10.000000
116317,3.436364,0.000000,10.000000
116318,3.436364,0.000000,10.000000
116417,3.425807,0.000000,10.000000
116418,3.425807,0.000000,10.000000
116517,3.420528,0.000000,10.000000
116518,3.420528,0.000000,10.000000
116617,3.425807,0.000000,10.000000
116618,3.425807,0.000000,10.000000
116717,3.425807,0.000000,10.000000
116718,3.425807,0.000000,10.000000
116817,3.420528,0.000000,10.000000
116818,3.420528,0.000000,10.000000
116917,3.425807,0.000000,10.000000
116918,3.425807,0.000000,10.000000
117017,3.425807,0.000000,10.000000
117018,3.425807,0.000000,10.000000
117117,3.420528,0.000000,10.000000
117118,3.420528,0.000000,10.000000
117217,3.415249,0.000000,10.000000
117218,3.415249,0.000000,10.000000
117317,3.415249,0.000000,10.000000
117318,3.415249,0.000000,10.000000
117417,3.420528,0.000000,10.000000
117418,3.420528,0.000000,10.000000
117517,3.431085,0.000000,10.000000
117518,3.431085,0.000000,10.000000
117617,3.431085,0.000000,10.000000
117618,3.431085,0.000000,10.000000
117717,3.431085,0.000000,10.000000
117718,3.431085,0.000000,10.000000
117817,3.409971,0.000000,10.000000
117818,3.409971,0.000000,10.000000
117917,3.409971,0.000000,10.000000
117918,3.409971,0.000000,10.000000
118017,3.425807,0.000000,10.000000
118018,3.425807,0.000000,10.000000
118117,3.420528,0.000000,10.000000
118118,3.420528,0.000000,10.000000
118217,3.425807,0.000000,10.000000
118218,3.425807,0.000000,10.000000
118317,3.425807,0.000000,10.000000
118318,3.425807,0.000000,10.000000
118417,3.431085,0.000000,10.000000
118418,3.431085,0.000000,10.000000
118517,3.420528,0.000000,10.000000
118518,3.420528,0.000000,10.000000
118617,3.425807,0.000000,10.000000
118618,3.425807,0.000000,10.000000
118717,3.420528,0.000000,10.000000
118718,3.420528,0.000000,10.000000
118817,3.420528,0.000000,10.000000
118818,3.420528,0.000000,10.000000
118917,3.415249,0.000000,10.000000
118918,3.415249,0.000000,10.000000
119017,3.425807,0.000000,10.000000
119018,3.425807,0.000000,10.000000
119117,3.431085,0.000000,10.000000
119118,3.431085,0.000000,10.000000
119217,3.436364,0.000000,10.000000
119218,3.436364,0.000000,10.000000
119317,3.415249,0.000000,10.000000
119318,3.415249,0.000000,10.000000
119417,3.420528,0.000000,10.000000
119418,3.420528,0.000000,10.000000
119517,3.415249,0.000000,10.000000
119518,3.415249,0.000000,10.000000
119617,3.425807,0.000000,10.000000
119618,3.425807,0.000000,10.000000
119717,3.431085,0.000000,10.000000
119718,3.431085,0.000000,10.000000
119817,3.415249,0.000000,10.000000
119818,3.415249,0.000000,10.000000
119917,3.415249,0.000000,10.000000
119918,3.415249,0.000000,10.000000
120017,3.409971,0.000000,10.000000
120018,3.409971,0.000000,10.000000
120117,3.420528,0.000000,10.000000
120118,3.420528,0.000000,10.000000
120217,3.420528,0.000000,10.000000
120218,3.420528,0.000000,10.000000
120317,3.425807,0.000000,10.000000
120318,3.425807,0.000000,10.000000
120417,3.420528,0.000000,10.000000
120418,3.420528,0.000000,10.000000
120517,3.415249,0.000000,10.000000
120518,3.415249,0.000000,10.000000
120617,3.399414,0.000000,10.000000
120618,3.399414,0.000000,10.000000
120717,3.420528,0.000000,10.000000
120718,3.420528,0.000000,10.000000
120817,3.425807,0.000000,10.000000
120818,3.425807,0.000000,10.000000
120917,3.420528,0.000000,10.000000
120918,3.420528,0.000000,10.000000
121017,3.425807,0.000000,10.000000
121018,3.425807,0.000000,10.000000
121117,3.420528,0.000000,10.000000
121118,3.420528,0.000000,10.000000
121217,3.420528,0.000000,10.000000
121218,3.420528,0.000000,10.000000
121317,3.420528,0.000000,10.000000
121318,3.420528,0.000000,10.000000
121417,3.415249,0.000000,10.000000
121418,3.415249,0.000000,10.000000
121517,3.409971,0.000000,10.000000
121518,3.409971,0.000000,10.000000
121617,3.404692,0.000000,10.000000
121618,3.404692,0.000000,10.000000
121717,3.420528,0.000000,10.000000
121718,3.420528,0.000000,10.000000
121817,3.431085,0.000000,10.000000
121818,3.425807,0.000000,10.000000
121917,3.415249,0.000000,10.000000
121918,3.415249,0.000000,10.000000
122017,3.420528,0.000000,10.000000
122018,3.420528,0.000000,10.000000
122117,3.420528,0.000000,10.000000
122118,3.415249,0.000000,10.000000
122217,3.409971,0.000000,10.000000
122218,3.409971,0.000000,10.000000
122317,3.420528,0.000000,10.000000
122318,3.425807,0.000000,10.000000
122417,3.409971,0.000000,10.000000
122418,3.409971,0.000000,10.000000
122517,3.415249,0.000000,10.000000
122518,3.415249,0.000000,10.000000
122617,3.420528,0.000000,10.000000
122618,3.420528,0.000000,10.000000
122717,3.409971,0.000000,10.000000
122718,3.409971,0.000000,10.000000
122817,3.409971,0.000000,10.000000
122818,3.409971,0.000000,10.000000
122917,3.425807,0.000000,10.000000
122918,3.425807,0.000000,10.000000
123017,3.420528,0.000000,10.000000
123018,3.420528,0.000000,10.000000
123117,3.420528,0.000000,10.000000
123118,3.420528,0.000000,10.000000
123217,3.415249,0.000000,10.000000
123218,3.415249,0.000000,10.000000
123317,3.404692,0.000000,10.000000
123318,3.404692,0.000000,10.000000
123417,3.404692,0.000000,10.000000
123418,3.404692,0.000000,10.000000
123517,3.415249,0.000000,10.000000
123518,3.415249,0.000000,10.000000
123617,3.420528,0.000000,10.000000
123618,3.420528,0.000000,10.000000
123717,3.431085,0.000000,10.000000
123718,3.431085,0.000000,10.000000
123817,3.415249,0.000000,10.000000
123818,3.415249,0.000000,10.000000
123917,3.399414,0.000000,10.000000
123918,3.399414,0.000000,10.000000
124017,3.409971,0.000000,10.000000
124018,3.409971,0.000000,10.000000
124117,3.420528,0.000000,10.000000
124118,3.420528,0.000000,10.000000
124217,3.420528,0.000000,10.000000
124218,3.420528,0.000000,10.000000
124317,3.415249,0.000000,10.000000
124318,3.415249,0.000000,10.000000
124417,3.409971,0.000000,10.000000
124418,3.409971,0.000000,10.000000
124517,3.415249,0.000000,10.000000
124518,3.415249,0.000000,10.000000
124617,3.415249,0.000000,10.000000
124618,3.415249,0.000000,10.000000
124717,3.420528,0.000000,10.000000
124718,3.420528,0.000000,10.000000
124817,3.420528,0.000000,10.000000
124818,3.420528,0.000000,10.000000
124917,3.431085,0.000000,10.000000
124918,3.431085,0.000000,10.000000
125017,3.409971,0.000000,10.000000
125018,3.409971,0.000000,10.000000
125117,3.399414,0.000000,10.000000
125118,3.399414,0.000000,10.000000
125217,3.404692,0.000000,10.000000
125218,3.404692,0.000000,10.000000
125317,3.420528,0.000000,10.000000
125318,3.420528,0.000000,10.000000
125417,3.420528,0.000000,10.000000
125418,3.420528,0.000000,10.000000
125517,3.420528,0.000000,10.000000
125518,3.420528,0.000000,10.000000
125617,3.415249,0.000000,10.000000
125618,3.415249,0.000000,10.000000
125717,3.415249,0.000000,10.000000
125718,3.415249,0.000000,10.000000
125817,3.415249,0.000000,10.000000
125818,3.415249,0.000000,10.000000
125917,3.420528,0.000000,10.000000
125918,3.420528,0.000000,10.000000
126017,3.415249,0.000000,10.000000
126018,3.415249,0.000000,10.000000
126117,3.399414,0.000000,10.000000
126118,3.399414,0.000000,10.000000
126217,3.404692,0.000000,10.000000
126218,3.404692,0.000000,10.000000
126317,3.420528,0.000000,10.000000
126318,3.420528,0.000000,10.000000
126417,3.420528,0.000000,10.000000
126418,3.420528,0.000000,10.000000
126517,3.415249,0.000000,10.000000
126518,3.415249,0.000000,10.000000
126617,3.409971,0.000000,10.000000
126618,3.409971,0.000000,10.000000
126717,3.404692,0.000000,10.000000
126718,3.404692,0.000000,10.000000
126817,3.399414,0.000000,10.000000
126818,3.399414,0.000000,10.000000
126917,3.409971,0.000000,10.000000
126918,3.409971,0.000000,10.000000
127017,3.415249,0.000000,10.000000
127018,3.415249,0.000000,10.000000
127117,3.420528,0.000000,10.000000
127118,3.420528,0.000000,10.000000
127217,3.415249,0.000000,10.000000
127218,3.415249,0.000000,10.000000
127317,3.409971,0.000000,10.000000
127318,3.409971,0.000000,10.000000
127417,3.404692,0.000000,10.000000
127418,3.404692,0.000000,10.000000
127517,3.409971,0.000000,10.000000
127518,3.409971,0.000000,10.000000
127617,3.409971,0.000000,10.000000
127618,3.409971,0.000000,10.000000
127717,3.409971,0.000000,10.000000
127718,3.409971,0.000000,10.000000
127817,3.409971,0.000000,10.000000
127818,3.409971,0.000000,10.000000
127917,3.404692,0.000000,10.000000
127918,3.404692,0.000000,10.000000
128017,3.409971,0.000000,10.000000
128018,3.409971,0.000000,10.000000
128117,3.409971,0.000000,10.000000
128118,3.409971,0.000000,10.000000
128217,3.415249,0.000000,10.000000
128218,3.415249,0.000000,10.000000
128317,3.415249,0.000000,10.000000
128318,3.415249,0.000000,10.000000
128417,3.420528,0.000000,10.000000
128418,3.420528,0.000000,10.000000
128517,3.399414,0.000000,10.000000
128518,3.399414,0.000000,10.000000
128617,3.404692,0.000000,10.000000
128618,3.404692,0.000000,10.000000
128717,3.404692,0.000000,10.000000
128718,3.404692,0.000000,10.000000
128817,3.409971,0.000000,10.000000
128818,3.409971,0.000000,10.000000
128917,3.425807,0.000000,10.000000
128918,3.425807,0.000000,10.000000
129017,3.415249,0.000000,10.000000
129018,3.415249,0.000000,10.000000
129117,3.409971,0.000000,10.000000
129118,3.409971,0.000000,10.000000
129217,3.399414,0.000000,10.000000
129218,3.399414,0.000000,10.000000
129317,3.399414,0.000000,10.000000
129318,3.399414,0.000000,10.000000
129417,3.404692,0.000000,10.000000
129418,3.404692,0.000000,10.000000
129517,3.399414,0.000000,10.000000
129518,3.399414,0.000000,10.000000
129617,3.415249,0.000000,10.000000
129618,3.415249,0.000000,10.000000
129717,3.425807,0.000000,10.000000
129718,3.425807,0.000000,10.000000
129817,3.404692,0.000000,10.000000
129818,3.404692,0.000000,10.000000
129917,3.399414,0.000000,10.000000
129918,3.399414,0.000000,10.000000
130017,3.404692,0.000000,10.000000
130018,3.404692,0.000000,10.000000
130117,3.404692,0.000000,10.000000
130118,3.404692,0.000000,10.000000
130217,3.404692,0.000000,10.000000
130218,3.404692,0.000000,10.000000
130317,3.404692,0.000000,10.000000
130318,3.404692,0.000000,10.000000
130417,3.409971,0.000000,10.000000
130418,3.409971,0.000000,10.000000
130517,3.415249,0.000000,10.000000
130518,3.415249,0.000000,10.000000
130617,3.409971,0.000000,10.000000
130618,3.409971,0.000000,10.000000
130717,3.415249,0.000000,10.000000
130718,3.415249,0.000000,10.000000
130817,3.399414,0.000000,10.000000
130818,3.399414,0.000000,10.000000
130917,3.399414,0.000000,10.000000
130918,3.399414,0.000000,10.000000
131017,3.409971,0.000000,10.000000
131018,3.409971,0.000000,10.000000
131117,3.415249,0.000000,10.000000
131118,3.415249,0.000000,10.000000
131217,3.399414,0.000000,10.000000
131218,3.399414,0.000000,10.000000
131317,3.404692,0.000000,10.000000
131318,3.404692,0.000000,10.000000
131417,3.394135,0.000000,10.000000
131418,3.394135,0.000000,10.000000
131517,3.404692,0.000000,10.000000
131518,3.404692,0.000000,10.000000
131617,3.409971,0.000000,10.000000
131618,3.409971,0.000000,10.000000
131717,3.409971,0.000000,10.000000
131718,3.409971,0.000000,10.000000
131817,3.399414,0.000000,10.000000
131818,3.399414,0.000000,10.000000
131917,3.409971,0.000000,10.000000
131918,3.409971,0.000000,10.000000
132017,3.399414,0.000000,10.000000
132018,3.399414,0.000000,10.000000
132117,3.409971,0.000000,10.000000
132118,3.409971,0.000000,10.000000
132217,3.399414,0.000000,10.000000
132218,3.399414,0.000000,10.000000
132317,3.399414,0.000000,10.000000
132318,3.399414,0.000000,10.000000
132417,3.404692,0.000000,10.000000
132418,3.404692,0.000000,10.000000
132517,3.404692,0.000000,10.000000
132518,3.404692,0.000000,10.000000
132617,3.404692,0.000000,10.000000
132618,3.404692,0.000000,10.000000
132717,3.409971,0.000000,10.000000
132718,3.409971,0.000000,10.000000
132817,3.404692,0.000000,10.000000
132818,3.404692,0.000000,10.000000
132917,3.394135,0.000000,10.000000
132918,3.394135,0.000000,10.000000
133017,3.394135,0.000000,10.000000
133018,3.394135,0.000000,10.000000
133117,3.404692,0.000000,10.000000
133118,3.404692,0.000000,10.000000
133217,3.404692,0.000000,10.000000
133218,3.404692,0.000000,10.000000
133317,3.394135,0.000000,10.000000
133318,3.394135,0.000000,10.000000
133417,3.399414,0.000000,10.000000
133418,3.399414,0.000000,10.000000
133517,3.409971,0.000000,10.000000
133518,3.409971,0.000000,10.000000
133617,3.399414,0.000000,10.000000
133618,3.399414,0.000000,10.000000
133717,3.399414,0.000000,10.000000
133718,3.399414,0.000000,10.000000
133817,3.409971,0.000000,10.000000
133818,3.409971,0.000000,10.000000
133917,3.409971,0.000000,10.000000
133918,3.409971,0.000000,10.000000
134017,3.399414,0.000000,10.000000
134018,3.399414,0.000000,10.000000
134117,3.399414,0.000000,10.000000
134118,3.399414,0.000000,10.000000
134217,3.399414,0.000000,10.000000
134218,3.399414,0.000000,10.000000
134317,3.394135,0.000000,10.000000
134318,3.394135,0.000000,10.000000
134417,3.394135,0.000000,10.000000
134418,3.394135,0.000000,10.000000
134517,3.399414,0.000000,10.000000
134518,3.399414,0.000000,10.000000
134617,3.399414,0.000000,10.000000
134618,3.399414,0.000000,10.000000
134717,3.399414,0.000000,10.000000
134718,3.399414,0.000000,10.000000
134817,3.404692,0.000000,10.000000
134818,3.404692,0.000000,10.000000
134917,3.394135,0.000000,10.000000
134918,3.394135,0.000000,10.000000
135017,3.399414,0.000000,10.000000
135018,3.399414,0.000000,10.000000
135117,3.399414,0.000000,10.000000
135118,3.399414,0.000000,10.000000
135217,3.394135,0.000000,10.000000
135218,3.394135,0.000000,10.000000
135317,3.394135,0.000000,10.000000
135318,3.394135,0.000000,10.000000
135417,3.399414,0.000000,10.000000
135418,3.399414,0.000000,10.000000
135517,3.399414,0.000000,10.000000
135518,3.399414,0.000000,10.000000
135617,3.399414,0.000000,10.000000
135618,3.399414,0.000000,10.000000
135717,3.399414,0.000000,10.000000
135718,3.399414,0.000000,10.000000
135817,3.409971,0.000000,10.000000
135818,3.409971,0.000000,10.000000
135917,3.399414,0.000000,10.000000
135918,3.399414,0.000000,10.000000
136017,3.404692,0.000000,10.000000
136018,3.404692,0.000000,10.000000
136117,3.399414,0.000000,10.000000
136118,3.399414,0.000000,10.000000
136217,3.399414,0.000000,10.000000
136218,3.399414,0.000000,10.000000
136317,3.399414,0.000000,10.000000
136318,3.399414,0.000000,10.000000
136417,3.399414,0.000000,10.000000
136418,3.399414,0.000000,10.000000
136517,3.404692,0.000000,10.000000
136518,3.404692,0.000000,10.000000
136617,3.388856,0.000000,10.000000
136618,3.388856,0.000000,10.000000
136717,3.394135,0.000000,10.000000
136718,3.394135,0.000000,10.000000
136817,3.404692,0.000000,10.000000
136818,3.404692,0.000000,10.000000
136917,3.409971,0.000000,10.000000
136918,3.409971,0.000000,10.000000
137017,3.399414,0.000000,10.000000
137018,3.399414,0.000000,10.000000
137117,3.394135,0.000000,10.000000
137118,3.394135,0.000000,10.000000
137217,3.394135,0.000000,10.000000
137218,3.394135,0.000000,10.000000
137317,3.394135,0.000000,10.000000
137318,3.394135,0.000000,10.000000
137417,3.394135,0.000000,10.000000
137418,3.394135,0.000000,10.000000
137517,3.404692,0.000000,10.000000
137518,3.404692,0.000000,10.000000
137617,3.388856,0.000000,10.000000
137618,3.388856,0.000000,10.000000
137717,3.394135,0.000000,10.000000
137718,3.394135,0.000000,10.000000
137817,3.399414,0.000000,10.000000
137818,3.399414,0.000000,10.000000
137917,3.399414,0.000000,10.000000
137918,3.399414,0.000000,10.000000
138017,3.394135,0.000000,10.000000
138018,3.394135,0.000000,10.000000
138117,3.388856,0.000000,10.000000
138118,3.388856,0.000000,10.000000
138217,3.399414,0.000000,10.000000
138218,3.399414,0.000000,10.000000
138317,3.404692,0.000000,10.000000
138318,3.404692,0.000000,10.000000
138417,3.399414,0.000000,10.000000
138418,3.399414,0.000000,10.000000
138517,3.399414,0.000000,10.000000
138518,3.399414,0.000000,10.000000
138617,3.394135,0.000000,10.000000
138618,3.394135,0.000000,10.000000
138717,3.404692,0.000000,10.000000
